93
67
7823 7324 7976 4253 8249 5349 4912 2997 25 2129 5768 4546 790 6499 5062 1480 8598 6425 1594 1539 5603 2422 7520 8860 1340 7106 4854 4883 8975 6783 8959 6357 190 37 3271 3576 7855 4888 5912 5093 4928 656 2196 8909 5875 5098 1156 8240 2902 6957 2696 8969 7231 4327 2432 2182 1758 977 4051 6150 7275 4040 3557 4628 8121 8134 4102 
81
4979 3785 3569 6034 1151 2585 2338 51 4952 7376 5028 8607 5480 3845 8434 844 3933 8017 5356 6841 3499 4406 7133 2848 1699 1285 4026 6325 5651 6479 3373 7111 8677 366 3931 7405 436 7877 6898 2051 653 5 4392 1941 8443 5177 5272 7963 4037 5004 6094 6933 8467 730 981 1457 5463 4453 7214 1403 2969 3617 1644 4156 2782 7721 8246 3510 2457 4475 6236 558 7082 4257 158 6627 3367 7722 8562 3999 8648 
43
7644 8812 2567 8804 1362 2096 2632 5847 676 733 5074 2754 673 8205 6609 5801 3748 7046 1074 5528 6932 5960 2164 8279 305 6452 5230 3471 3799 7717 1862 1047 5084 7862 4091 7934 1062 2812 8605 6370 5144 5526 1827 
56
7063 5170 7317 1621 7008 7729 1516 5373 8868 4550 3198 3907 3406 3131 3903 3360 1084 1973 3612 5310 917 4808 3345 8167 523 8390 2926 2714 1368 324 6301 5279 8669 2678 735 7466 1665 3964 160 3189 5007 2892 1360 7465 4619 5995 1155 3637 3750 5454 6347 1179 5736 2862 8765 2958 
70
7363 1378 3921 6468 3568 4134 3276 6404 1807 118 5832 192 4366 1277 4046 8860 7875 1480 1114 5192 796 388 1598 7564 514 7508 5668 2988 3335 2231 1555 4103 4973 3592 1287 6515 3625 1720 4890 5659 5416 3250 3951 4548 2248 6125 833 3116 4394 1224 3983 8091 8751 5912 5426 7703 4049 1293 762 7379 3771 7606 1022 599 7539 7802 5075 2678 7023 594 
62
6163 5206 51 327 6182 2617 3943 5629 102 2193 5158 2702 7615 467 6793 4659 7750 7033 6808 2181 4402 1874 3972 8615 4270 7694 2535 2055 1076 4986 1811 2221 588 6891 3505 3431 2637 4873 2883 3564 19 7025 3076 7943 5546 5784 4542 2951 1698 5452 3915 2149 4347 1277 856 7173 2787 2381 1224 6961 4926 6899 
55
5250 8709 5030 4660 1472 5410 7880 8081 5420 8243 4489 3208 5044 7925 7166 4119 3311 1642 2138 6384 5394 3758 2539 2235 122 1231 2552 5059 4570 1163 3610 3903 2751 7247 8192 1468 4162 5093 1663 3657 3334 5789 5729 1548 147 8887 4542 7467 1635 6855 7465 278 8611 6667 3149 
87
1076 1553 1543 905 8322 4748 4125 8665 2180 25 4791 6641 6717 461 173 4180 3562 3313 2434 991 3598 1753 6999 1980 7939 3785 6587 3028 3001 8433 58 3833 5699 7650 4163 2618 4232 7201 8614 475 4576 1812 3021 7028 2089 2155 2059 7128 5248 4417 8603 1193 5475 3938 2265 4590 5983 503 7596 1268 2904 5842 4085 8313 2986 835 727 518 4297 4476 2701 6405 6247 6386 6771 2197 4534 2895 6270 4352 1266 4012 5481 7667 4347 8222 5146 
43
5178 990 1613 4852 5489 5541 2432 2589 8272 4991 518 3130 5069 6968 3623 945 611 1468 2151 1234 8751 7419 5286 1257 2743 8054 8177 4725 1907 3339 5128 2472 2201 6135 8703 1393 6316 8124 7160 5318 20 4144 5184 
27
4108 6344 737 7133 7592 6861 6745 3360 2213 5063 8073 2164 5598 127 1504 475 5571 8473 2697 8807 2365 338 2162 5106 4840 1486 2310 
77
4224 4885 8214 2431 6727 5254 3291 4721 1053 3005 5728 4007 353 3418 741 5465 5991 8946 750 2243 4083 1889 4326 7394 5317 2543 2814 4872 4774 6451 3067 6138 1977 4046 4927 8008 565 42 6678 8116 3194 2346 4107 2807 930 6307 8156 7064 8491 7764 1804 2862 2674 1242 5167 6201 4346 7 3083 7843 2549 8004 6134 413 786 2076 7242 1687 4519 5211 5808 848 7929 2950 8724 5431 890 
57
8557 825 5538 3687 5616 2596 6905 5652 3821 3547 3683 5529 6226 6675 3230 8592 5894 1973 1792 4430 7681 7638 5741 5193 8042 7563 6039 2121 7018 521 38 4645 3471 4427 6979 8826 5971 1285 287 5400 7406 2873 4433 222 1865 3992 5296 1823 5949 8212 2318 5412 3827 5299 1406 7652 421 
50
8951 777 492 1451 6368 2077 4340 1439 4071 373 1021 3664 5197 2461 3420 3739 1340 2276 2689 8457 7556 5234 1114 6872 8786 1103 4096 2079 1250 3109 8735 225 495 4848 788 7102 6968 5477 1587 7550 8065 6215 1815 1426 7971 8413 1825 91 2125 8451 
74
842 3055 1188 8818 8332 893 3271 6354 4498 2083 2458 7068 3143 3341 7305 5089 5413 771 7084 5029 1966 2949 2135 7480 7631 2995 1315 3698 711 8585 8501 1955 7241 6681 2117 3034 3661 3721 4434 5539 2398 6950 5277 2310 8544 5041 8347 7766 3072 3585 8455 1807 1017 8617 4663 5676 8188 4060 8805 6976 5167 2710 5561 5995 4865 6429 8364 4855 1957 600 264 6020 1989 7318 
67
5968 5218 1811 514 3987 8801 5934 6468 1931 1215 4742 4509 6155 32 4086 3778 1465 6532 2638 1645 3592 2388 1085 841 4507 4739 2324 42 2915 5568 7724 7338 2107 4595 238 4113 4783 5067 4643 6264 3783 3003 5755 940 5588 1922 7580 6558 5589 3817 6371 1089 1199 1824 5676 3796 6472 2764 110 3849 4223 7096 4269 3676 5198 5577 7087 
36
1922 7390 6716 2095 6123 3928 8543 4257 71 1647 5770 1767 3227 6005 4185 2568 485 4519 1678 5723 1724 3336 1181 8414 8065 592 5672 7518 7050 3790 5158 5128 5683 7241 1871 3064 
94
822 5851 1064 1490 8197 2124 4492 8742 4972 5137 3379 6220 1968 6405 1800 8237 4001 31 4241 7694 4766 6083 4056 3029 5809 4145 6417 2018 8116 740 7395 3216 2836 4022 6130 8340 1508 7098 5180 1301 101 570 6307 1636 1901 2330 2730 1398 30 7501 6932 3039 2865 950 6833 3858 4522 113 6642 974 7206 1940 2967 5971 362 2928 5655 2142 7373 3668 1240 3785 4785 3500 2176 3758 3206 4213 6339 6765 5776 8565 285 7980 5298 3937 1050 3503 3191 1612 6016 1167 7533 4014 
44
2176 345 7343 743 5351 186 4896 3177 727 3167 777 4330 1001 1423 1497 5003 4597 5496 3677 3260 7167 7692 1491 2500 7072 1569 8639 2240 5511 1800 8654 6840 4759 2345 4401 8944 6091 3828 6492 7102 3479 1483 3176 6959 
14
3382 2037 3183 7935 2399 2148 4808 506 2544 1060 6562 6708 2577 1003 
29
1751 5238 2824 3635 1742 2064 7 8105 4239 8611 1492 4591 833 2888 2403 5438 4043 2428 7071 1321 1310 1281 1546 1880 7043 2803 3549 2809 1103 
53
3720 4679 1790 5789 3884 5600 766 8542 3375 4377 1070 1605 5248 4621 2198 726 1459 2886 6096 111 7903 2771 5480 4141 382 2754 6897 2462 565 8000 2168 2271 2845 5599 5460 615 8009 3559 4782 579 922 5633 8853 1027 2927 4735 7221 3101 6152 912 4025 1433 4884 
43
8823 5117 5746 5201 6652 4034 373 2304 2359 6774 868 5109 6290 5091 6801 518 8879 567 5304 1486 6614 2122 4422 1167 1254 2722 1451 4590 1913 2792 4121 1490 176 5156 1547 4052 1941 894 7760 7445 8930 547 6352 
49
7808 3442 5030 5318 3675 7968 6847 3792 1012 4009 2578 1306 487 4680 2392 6405 4447 5753 1302 1714 1886 1173 609 8538 8825 3325 6585 505 3994 4915 4497 3179 4040 469 8461 8767 1333 5283 5741 7291 5623 2652 738 4760 1473 8507 1951 3624 8218 
54
282 8966 4111 3788 2530 2709 7308 4293 1634 8163 7752 667 4039 1166 810 2306 5191 4064 8519 8409 1723 6199 990 466 3079 1425 1645 1956 2599 6718 4324 7341 7220 5102 5082 2035 3407 2093 4696 8773 7404 4819 6891 1077 5427 2705 8590 6265 1780 1649 263 746 4553 3893 
46
8221 1648 6739 7873 3281 2064 3696 2076 7055 4612 754 4866 680 8663 3682 8508 8860 1799 4490 8627 5615 436 3963 8532 6473 6731 6579 4895 2662 550 677 6535 8339 5206 1224 23 5402 1636 4653 2002 2464 3900 2563 5356 2229 979 
27
2015 1771 1362 4967 777 2490 6331 1269 2540 1484 4884 7685 1109 2029 4754 2781 8418 3829 4616 5712 862 6585 1088 1149 7382 5294 4393 
14
1281 1152 58 2942 5403 7842 814 51 2523 1414 7936 5182 4966 7896 
38
1343 2203 8222 8767 1135 4305 5355 2383 1041 2221 6756 6991 7976 7641 6090 2278 3754 1433 3730 2861 467 5607 1761 3978 1924 5346 835 6562 2654 6610 7502 39 6242 6000 1354 5210 4826 5356 
61
2955 1901 4230 2884 8935 8015 3953 3052 7217 4511 3508 3138 908 6374 2707 8335 7623 6549 2558 8473 4546 4565 4257 2678 5528 6148 8228 7506 3198 4407 5643 4322 7651 3523 8152 1905 768 7377 943 2732 8442 7714 1963 1130 7974 2990 2071 262 2852 5891 6608 247 4551 724 1369 7383 6428 4608 7142 4795 6401 
27
1990 4387 5664 5452 8083 8491 6899 102 6683 1337 362 2328 1388 424 6091 7411 6747 3588 3250 1304 2238 6350 8426 7402 4163 4003 5850 
21
2136 5776 1515 3172 437 4200 361 7 3183 586 5224 4159 4998 4124 561 2867 2441 4709 2085 4822 5232 
68
7737 2379 3026 3943 6114 8263 1768 4504 6315 3383 4129 7808 6493 1564 1472 1489 287 7588 212 2101 1662 1675 4390 6006 8726 7618 4376 8945 7033 406 1004 3928 2408 1788 3146 687 816 7668 830 4743 3983 8579 3945 6682 7543 6494 31 2334 5089 7907 4530 4454 5694 1242 4581 3780 2722 3717 5747 60 5346 2740 4224 3405 6231 5516 1985 8988 
68
3143 3160 885 4088 705 4231 200 5385 267 8935 4824 453 6025 27 1519 5845 2969 65 8052 3844 3008 1253 7614 5094 804 8371 4120 89 7786 1276 8877 4187 4249 5850 997 3476 4359 3255 8721 3821 82 7379 1187 3793 1489 5245 666 8931 2244 1900 7861 1224 4145 693 3525 903 4569 4240 8088 3350 6586 5895 987 3662 8910 263 5168 857 
56
7522 1153 6851 7294 6875 6819 2272 5010 7963 4150 7340 237 908 8468 2393 6741 2285 5024 4292 1861 245 8330 4680 2279 1523 1616 3168 1565 3429 7886 6191 2856 5607 3105 7450 2933 4447 7464 5080 2277 7847 5012 3145 763 6066 4066 6661 6980 4435 1311 5086 1170 4274 6675 6777 3969 
78
4313 3937 5406 805 5582 4213 8068 2520 3368 7754 4249 7311 505 8420 4576 2991 6316 8273 2088 7006 487 2190 2878 55 6377 5502 1502 8799 7598 7648 4592 2222 3657 3433 5305 7431 1257 5203 8142 3539 8367 3596 7472 4730 39 569 4493 764 5685 6420 8459 4944 5506 2683 3283 3563 2471 1452 5315 8179 5977 7078 4684 4028 6782 2513 4349 4235 2390 2521 4192 2681 5710 8967 3284 8394 8729 1121 
70
6270 8232 138 572 2984 3236 2389 875 4037 5632 542 6976 1895 8332 5930 845 2547 4544 2192 76 4960 4334 6072 7464 698 1332 4555 7044 8805 952 1210 1585 1117 2092 444 4339 3581 3500 3099 4934 4903 157 1542 6141 1012 8361 380 3043 8836 360 5487 1774 6543 2545 3071 7272 5077 5425 7209 6632 4124 5187 5287 1392 648 3426 513 7352 7848 7227 
47
2804 8015 4133 147 6609 479 8861 6380 2542 757 1902 4037 4177 5969 5958 3742 3759 5580 2207 3008 3071 863 1091 1573 3385 3177 2417 7754 5723 7945 2520 5331 1661 733 3905 518 166 2907 5579 1731 3974 5374 8865 1178 2934 4644 3078 
67
4668 1933 7147 5888 5907 1654 6960 6374 307 4054 1810 3430 2245 456 1356 2462 817 923 1609 7670 8347 1951 3360 8472 8036 5025 737 406 5445 6560 2352 541 4809 601 3280 4785 4363 5248 4497 4306 3342 2832 300 1037 6388 8317 6118 5885 7881 3648 6868 7387 4690 3231 7259 5022 1012 6264 4682 7094 2831 2637 5213 6589 8320 2356 4260 
25
750 8279 8759 8898 2567 2680 5231 3377 5583 599 416 5291 3547 2635 1077 3054 2789 5622 7525 8293 3913 1211 8125 946 4455 
16
414 2016 25 4223 2568 3344 384 5289 3975 2286 819 3230 2829 5653 4896 7231 
36
4321 157 581 5077 8123 5264 2069 5013 5346 4734 7373 7551 4743 1250 7254 2463 394 1694 1450 662 4628 6030 2456 433 884 5115 485 3878 5334 5318 2853 7164 2609 4822 6939 8186 
26
4323 821 3011 4203 6291 2564 3169 5519 2222 1266 8920 3163 4269 2397 5420 8820 7384 4275 5766 8436 5256 5542 3818 3758 8498 2946 
38
2861 6085 5196 8365 4477 7686 1230 120 5026 6602 7392 3650 3448 4195 113 2961 2059 8663 4911 5884 3688 5030 4955 540 4212 6778 984 4018 8243 6435 4397 2937 611 4300 1097 500 7299 3032 
71
5019 1502 722 4954 5594 1460 3347 3619 8771 5418 3828 3936 2790 985 7903 4575 7477 4621 7185 5724 8541 2559 7787 967 8634 4765 4713 6482 3409 3880 7626 2161 7628 3222 3370 8906 5762 3394 276 5247 6613 5409 916 5138 6032 3677 2364 2624 3537 7367 4253 7625 3611 921 2560 3824 5583 8754 3149 5374 2604 3413 5317 7427 1484 7540 1843 1159 377 7168 3638 
50
1798 2351 435 6972 3414 5053 4462 5295 2291 8957 648 1917 5528 1348 8078 3713 7146 8632 3357 1755 3771 5606 766 5666 6479 5637 3882 1287 5683 5325 3303 170 5186 2524 5843 6130 1058 6802 5160 1567 8759 8083 1705 1537 4030 1165 3180 4334 8573 6690 
32
1464 5577 5120 8801 1798 6823 3984 1034 7573 5799 2404 1699 5669 4238 5100 6331 4184 5995 1026 6359 2785 2276 4845 1035 3250 2290 4843 1752 5465 2267 4355 5359 
89
3902 3066 4261 280 1724 7619 1368 474 7965 7948 2849 8001 4216 2479 8426 1280 4752 7495 8410 622 8411 2732 2135 1525 620 4872 1059 2271 524 3858 1898 434 3036 6307 3586 361 934 7016 3124 3158 4869 623 6258 3220 5754 261 4914 954 2072 8631 2770 8365 3794 2968 3756 3228 5316 2090 3540 3930 2008 7704 8871 303 4946 6292 2783 5600 1269 5149 2333 8721 8111 211 2534 4624 6242 1086 4368 8740 5453 7443 4070 8310 2195 4512 2443 8918 2354 
33
8508 161 4679 669 985 4481 5352 2125 2341 6566 7145 8499 5051 3956 1811 2081 8692 7893 6746 8561 7390 7264 2070 5595 2583 7601 7677 829 1531 620 1694 2289 8914 
38
1865 1961 2198 7209 6654 1958 315 3906 1043 3977 3591 6046 537 3489 8388 7945 1857 2799 4068 2381 547 4799 5989 391 4904 1120 2845 2980 4513 8780 2887 1084 6726 828 4030 2190 5004 2902 
56
8348 41 5073 2825 1407 4305 3579 8456 4014 8535 3416 2817 2644 28 7958 6607 8912 1603 87 232 4112 6433 1486 3427 6776 1487 5485 5490 4520 698 2119 4993 2860 1820 5706 6112 6848 4348 4079 6829 2179 7036 3996 4774 5227 3801 2561 2630 3408 5635 101 7056 6527 1078 4941 3273 
94
3886 3378 7527 8320 7655 4849 1027 125 3299 5605 104 4344 5372 158 1297 5751 4859 5635 3541 8906 8216 3193 6863 6942 4707 7348 2779 852 3115 7013 1853 8601 5485 4517 7932 7366 5679 266 5976 5298 7781 3479 3376 1727 7891 657 1999 3370 828 8583 3383 6831 7883 2073 14 3501 3217 892 3641 3678 5742 332 6574 2866 5243 1988 2614 7780 8711 4339 4611 5749 8816 399 6254 7071 4260 7022 8533 2949 5001 8130 1019 1513 4410 2149 6640 8141 1579 8214 6002 5727 8991 1994 
76
8087 4855 1431 2686 1026 926 36 6149 20 8571 3125 6796 3474 7687 3286 3155 6838 7672 6278 5104 6102 5765 5014 2459 1054 3714 1281 3847 4397 3246 4038 221 2718 6987 6972 4650 713 8318 2503 8653 1417 1184 5368 682 4478 500 5657 5202 3758 2642 280 5758 503 4499 3363 273 265 8742 7086 2854 2378 4546 1841 4051 6977 5573 2534 4476 1967 1533 2521 427 3147 2293 7633 358 
81
378 5982 3017 2261 5214 8955 8030 4765 6589 4069 1730 1860 7055 5412 5634 733 1981 1723 7829 6215 1286 3291 4756 6598 4572 8285 3623 3482 4043 4983 4362 7478 5658 4517 3329 499 1430 1372 2359 2454 59 5108 4485 528 4780 7300 8488 3277 3829 1107 7636 5616 4766 980 7544 1555 6856 6170 5757 5314 3203 1693 2336 2493 928 8872 8153 5296 1630 5649 1820 1125 3167 1506 1790 2550 350 4650 1812 6187 8361 
87
3196 8925 1288 5362 4763 8722 5245 2844 8678 186 8404 4584 8061 2688 3981 6160 5805 862 7847 7965 5558 4818 4039 2305 764 7733 4113 2975 3817 3807 1726 4446 2035 4411 3768 586 457 5664 4794 8195 7012 314 7187 2354 3972 5174 3156 3321 337 3374 1167 7834 4347 5524 3923 8475 868 1665 5006 2088 2220 488 3850 401 3813 6607 691 6590 3152 8791 8321 3127 6788 8407 4323 2373 8230 270 4489 459 1352 5527 1408 3853 2049 1660 7919 
94
1954 6628 7236 1701 3760 788 5057 5578 1634 3354 7376 7431 2149 5166 2629 1223 6198 3249 5203 6784 3719 2314 5882 7021 2286 1583 4840 4883 4786 1265 2549 3270 5944 676 8363 4620 3893 2469 3981 3674 348 6076 4407 1630 4474 2484 3839 1565 873 8385 8171 6173 2698 3457 8027 5398 8166 6318 4904 4533 2247 3627 1126 6097 5482 4333 4573 4553 7120 228 4358 2045 1645 970 8308 1301 4680 5491 7752 8783 2413 8742 5026 7725 4039 3739 7461 3333 722 1741 3307 4043 296 42 
66
716 8849 3040 6667 7524 4257 2810 6146 699 8621 2404 5398 1676 5422 4267 407 2342 2849 7577 1801 838 5966 3303 4335 4636 6952 7579 1214 7405 220 4981 5110 2241 5901 565 4372 1078 3471 3599 1387 4013 4107 1305 157 7203 1547 2372 7461 2771 2791 865 1454 2129 2126 3542 7041 8482 4057 2121 5723 4059 6588 3485 5293 6383 8694 
59
4881 7133 2588 1154 7665 193 1441 2553 2297 7082 184 933 5576 7964 1277 6143 1339 7895 985 6647 6356 4343 2972 3215 321 4893 7160 8841 5439 1686 20 8578 1472 2131 5246 3139 8339 6281 5229 2358 7619 6193 653 5558 2034 6114 4084 202 1504 8182 661 1291 4526 4059 8443 892 3960 5547 1280 
50
6331 5526 5406 5419 963 7726 4742 7628 2617 8379 512 3718 1690 3864 1626 1424 6587 7782 5028 91 4691 5487 1859 714 7418 3302 5644 280 5521 2573 2412 1247 7298 6879 2421 1478 7794 4719 8492 8866 483 193 5369 5585 3703 8640 7591 2651 2369 1591 
58
5185 1574 3219 7171 4635 4669 6040 1256 1764 3043 7508 2140 1769 442 8785 8834 5642 5331 2967 8496 3744 7233 6793 2850 1472 8544 4815 459 4766 7758 7532 2662 1814 4217 6841 541 7110 2465 5145 5463 984 495 1870 6167 87 2718 652 4146 4752 872 4933 7642 4020 2244 1781 3273 3218 4799 
12
727 170 2977 5663 2664 399 2914 2192 3800 7372 4837 1786 
7
6139 1307 7325 1550 7922 5851 3953 
90
3976 4408 6136 1705 8630 132 4892 8927 7080 8212 8182 548 7670 8563 2335 2355 4086 355 4866 2133 7293 8593 2193 2845 150 73 5823 1001 402 2651 222 7547 3737 1628 3010 1278 4383 6895 8158 1836 3178 1221 1205 6887 3715 8291 4340 4767 4811 7692 3670 7076 8152 3318 1503 1837 5497 545 3998 5048 294 8933 4900 4394 2251 2843 4434 6609 7030 775 7979 6760 1351 2428 2293 4139 160 4321 3694 2364 4533 3467 3092 7589 1638 211 3845 3055 683 5937 
36
7106 5311 8129 3188 3662 8455 2365 4040 8298 5429 8627 5819 499 6000 361 749 3743 8270 3822 2549 8417 6237 8154 7836 1680 6543 6480 4785 2132 4468 1627 4607 2481 4268 3448 2652 
7
4613 4363 2140 7832 2609 5780 7510 
56
2012 1010 860 3562 5949 272 7425 1864 4931 2456 7358 4012 7602 3414 8885 3972 6405 150 3386 3827 6622 8873 462 7077 7476 6003 8262 6053 7477 712 3412 2156 4836 4761 1364 813 3698 370 6215 8878 702 6794 1603 4423 1076 607 5446 302 1275 1689 5153 4 236 7849 4943 1357 
14
5150 3151 1342 4378 8789 587 7176 5693 6980 6832 6060 3969 568 1647 
26
4450 5728 1355 1791 4146 5481 4396 4758 8161 7227 2355 7455 146 4412 5599 5055 4847 2764 4439 6695 1807 5433 5553 223 3815 5340 
83
3804 1735 2731 7144 6316 7118 3960 525 1362 5009 3330 4700 6630 2896 4858 8681 3887 2057 8281 3475 8163 8722 2280 1653 1126 2881 6504 6302 5033 5062 1596 6277 437 8419 5939 4121 224 4122 4042 4721 7431 7968 7882 2207 2797 3033 5957 6498 2851 7668 2719 4812 1297 1816 2555 7809 171 4487 8995 5281 79 3298 7580 6208 4366 6293 4641 2753 3269 439 206 8239 5031 5161 8501 5932 5746 7348 3831 1844 7520 3054 2746 
40
8401 5195 4346 1471 7825 2728 1979 5929 851 8340 4146 8640 3174 4811 1079 6056 295 5829 2830 1129 822 6791 2670 2731 7677 3536 2984 1697 5471 1982 7988 3688 7214 489 8057 4610 3640 3129 5853 2406 
10
4604 7492 3179 5421 4563 2643 773 5168 8645 6559 
56
4278 2460 3305 8609 8162 775 989 1955 1384 3727 8452 2530 1614 174 4855 3507 7523 6916 324 591 8646 2388 4302 1078 5706 4535 7160 4871 1713 4000 4018 2877 5574 4224 6199 78 928 8770 1390 2265 1972 4649 2016 3334 193 3272 3769 5563 4074 2947 1859 355 5648 317 679 5841 
20
3273 7798 4574 5985 2684 5879 927 1735 5435 4185 2907 2935 7905 8923 7452 258 6172 4137 5067 8472 
71
4186 6745 206 604 889 8363 6414 4837 689 3077 2336 1848 1924 2595 1432 2779 237 7980 8864 581 3292 8584 4999 5085 7139 1211 3274 2552 2399 7722 2594 3760 1609 1734 678 3945 6813 5999 6914 6005 5210 4106 8816 2467 7715 1974 6967 740 1542 419 3073 1446 6595 8924 3169 2356 2015 8415 1132 1414 4498 83 8935 1668 8197 3313 490 8017 8072 5206 6508 
62
5475 8816 4071 868 5779 4238 5660 7310 5592 2965 786 415 3365 5768 2652 4520 5343 5808 3025 3908 5025 7957 5800 7959 159 5675 7258 4 3074 952 4018 1806 3604 3573 3027 2922 3996 2940 4514 7147 6844 513 7276 702 1145 2675 8120 7591 7035 2309 8384 91 4614 7408 7652 6128 8895 4956 6607 1690 195 7231 
46
3935 6837 5084 463 7333 4750 1655 7454 3122 5570 1136 54 4124 2680 6070 3870 2035 4658 3711 8025 548 1631 2525 7883 6191 2853 3859 3241 7155 1618 520 4352 2240 533 4995 5160 3101 5625 4288 8874 4091 3930 777 5248 5330 4522 
55
661 5531 7366 445 1005 2229 4413 4188 2581 6844 8905 569 406 79 2193 2630 1694 8392 5405 4058 3216 1594 1244 8158 6557 7590 5971 1253 3227 7262 4887 4315 2949 6438 8197 8656 2227 3920 335 532 5995 4463 5738 5605 5664 7742 8574 6854 4690 4745 2286 4971 2342 7012 5200 
52
4216 8139 327 3092 4974 5002 4799 525 3814 4870 2776 2823 1371 467 4743 4486 4836 712 3465 7664 1350 5256 7850 4283 2571 866 6662 4067 6955 7387 1821 3372 5026 474 1284 1157 5249 4461 6249 174 1569 4386 151 1835 1430 88 1179 465 7209 4631 3246 7081 
60
8797 7917 2491 5962 3307 7069 1020 3853 7351 2707 5315 6555 4011 1947 1257 6357 1846 8966 6503 3686 8762 418 5988 707 3830 8765 3446 5912 6780 4201 3601 6055 6141 6103 3614 1182 7300 8701 5750 8614 1833 8889 1304 67 8151 8843 6071 2681 271 7182 3239 5563 7222 2328 2753 5050 3037 3283 2429 8676 
84
2962 5375 1306 1665 5775 1814 4943 1829 636 4513 8358 1663 6209 8546 6523 2508 4086 5455 5149 2839 5097 1439 8530 7206 6522 939 3387 4957 2557 2901 2154 713 6352 8428 3754 1575 5502 7736 3189 558 4771 4204 283 5435 8473 5346 5274 3915 5138 1603 5233 4094 7183 4182 7610 1602 1456 2297 4423 4598 4149 4910 2700 2392 2549 2424 2525 2377 892 5358 25 5135 2426 4663 7135 3875 3458 1959 2136 3117 4353 1185 4486 7572 
74
1501 1219 4050 1242 2220 6405 3872 818 3762 8825 7326 311 2738 3293 7477 3985 7376 5482 3353 7737 5835 8434 1777 2980 2506 3086 2608 4969 1977 6235 5713 899 4292 7774 2103 1344 4507 2198 7219 6131 4782 6969 2081 7055 4315 3809 4813 5861 3046 8520 8826 728 3840 5314 8299 5055 1291 2027 1870 3810 4396 121 5021 4921 7170 4778 7295 2346 831 1905 5447 1857 5325 4269 
29
8316 810 6138 7920 4336 3879 4028 779 2542 3205 7153 8131 2202 1945 1327 4525 8590 5034 3863 8064 5130 2544 7736 1147 951 271 1942 5964 268 
70
8020 2091 4448 3984 5119 7701 7193 4411 5053 6189 213 8563 3175 5096 5214 6588 979 4719 2603 3122 957 7011 3678 5077 5310 5324 2216 2316 2341 3242 8139 2734 1214 8560 225 7004 5672 3358 4489 3435 8644 4014 4587 8489 8146 2313 5316 2902 2974 43 571 3765 6211 7396 2988 3458 4326 1776 4085 5862 5607 5818 448 5193 5539 124 8777 4983 5494 1690 
32
71 6935 6896 7168 664 8380 808 8769 820 4392 3769 8260 5010 5978 5052 6454 4702 2072 6137 622 6676 8859 5362 6441 6821 7540 3662 814 5369 6592 2329 3998 
30
3064 689 4582 8479 3500 7364 1576 5537 1081 4921 5631 5010 2457 6644 5506 6010 4994 4718 6474 5703 5225 7612 1639 1091 7296 3806 8704 6017 3054 275 
26
7865 3558 7467 5036 4663 6443 6133 3472 7803 4514 8203 8691 7092 6088 5202 2241 1678 1702 4582 2179 3990 3682 5366 4994 499 8976 
54
6937 3496 5512 2056 4030 2543 8642 7749 625 8888 1688 1099 4928 2626 7626 535 5106 4993 3928 7824 7330 8257 7267 7243 2927 4530 5981 8026 5498 3796 3979 1840 2815 4173 5143 6336 3584 3641 699 6038 3334 4929 5027 3846 8921 1503 6746 1821 5658 7321 6040 2205 2879 4788 
26
8660 191 7186 5954 2358 5343 4295 1865 3538 4836 897 666 2075 905 630 6577 1288 3963 8739 7028 790 1395 4026 6665 8413 2484 
37
2336 8104 1495 4102 594 7545 4635 7999 2442 4660 3760 2795 5890 7618 3542 1387 6650 6369 8737 8471 8285 1666 6736 2909 1876 1412 4566 5738 103 2111 1840 191 8968 4651 1289 1360 3139 
8
2507 8881 6900 5363 950 3657 1471 6256 
26
1236 6669 8611 1559 3916 5990 4020 460 2208 6762 4790 2386 2511 1172 931 334 4990 6473 3037 3878 8905 5573 5431 8942 2151 3024 
99
1 2 3 4 5 6 7 8 9 10 11 12 13 14 15 16 17 18 19 20 21 22 23 24 25 26 27 28 29 30 31 32 33 34 35 36 37 38 39 40 41 42 43 44 45 46 47 48 49 50 51 52 53 54 55 56 57 58 59 60 61 62 63 64 65 66 67 68 69 70 71 72 73 74 75 76 77 78 79 80 81 82 83 84 85 86 87 88 89 90 91 92 93 94 95 96 97 98 99 
99
100 99 98 97 96 95 94 93 92 91 90 89 88 87 86 85 84 83 82 81 80 79 78 77 76 75 74 73 72 71 70 69 68 67 66 65 64 63 62 61 60 59 58 57 56 55 54 53 52 51 50 49 48 47 46 45 44 43 42 41 40 39 38 37 36 35 34 33 32 31 30 29 28 27 26 25 24 23 22 21 20 19 18 17 16 15 14 13 12 11 10 9 8 7 6 5 4 3 2 
10
2 1 3 4 5 6 7 8 9 10
