10000 2912
7936
6889
2029
122
1932
9831
1121
7591
2119
9742
2266
1267
3297
5770
4372
5142
8780
617
2086
6800
4251
3232
9267
8312
2330
3501
8782
9250
6159
9596
6033
3599
4672
1630
6608
6889
3398
1367
3945
1919
64
7640
7870
2621
554
5516
4343
4623
6174
5654
3425
8648
3324
1707
5212
7454
9911
5788
260
329
4976
6295
4093
5820
3895
1037
805
1186
7135
6583
852
5245
4946
1669
8087
491
5508
6408
4318
8234
7052
9233
466
478
5025
5817
475
8448
2513
1282
65
3641
3751
8686
3458
4063
5870
2511
6147
5999
1761
2286
1306
3532
2165
5520
3436
1510
8778
325
2386
5439
141
3363
9841
3978
7394
3475
8890
2453
3152
202
5743
6441
3373
7834
2967
1071
555
7130
980
7877
1971
3652
1811
7602
6818
3166
6788
6326
1521
1979
7067
5029
8330
9266
7141
1637
3479
4351
1327
6118
3468
6441
5492
3394
8040
9332
7429
3381
9305
727
4302
9087
4702
385
3767
999
8160
9496
600
9154
5443
8914
3920
5748
9737
1847
2008
4423
713
9254
9091
2650
7566
8648
7097
6571
9730
2674
4852
248
5933
5583
4699
8227
1273
8861
6685
1060
2376
8614
5216
1619
5559
1506
11
8438
8340
7995
7504
9639
3231
6289
7758
3514
9245
1919
694
2685
6499
4654
5820
5793
8417
3192
8641
9609
780
7216
2207
3377
2576
6608
1636
8288
198
2963
8370
9424
8883
3812
3510
302
2321
9159
4408
3965
6466
5030
9842
3088
6945
4894
1349
1320
1660
1500
7720
3882
95
1954
7315
101
4338
6014
7675
2834
999
4861
766
525
9196
1852
7794
2995
8744
7167
2088
4748
1347
7046
2151
9307
2982
8620
1190
4692
3030
4897
8650
174
2171
2411
6658
6104
4630
5817
9038
6337
146
8840
471
8418
7881
1114
3243
5551
4874
2451
2584
3167
8474
2405
8651
4743
4298
3887
2137
7566
8519
5297
7726
8412
6039
755
1923
5588
114
4215
3782
7284
7599
3837
2261
6970
9393
5349
634
6601
866
4442
4718
4781
6591
301
9959
203
9427
4351
6948
9853
9352
2755
1899
7004
2971
4755
8000
8239
1616
4162
7849
1571
4935
5458
4111
9371
653
1991
7560
490
181
9244
7747
6174
4136
6372
1811
1136
4683
3731
7120
2489
913
2079
7706
696
8624
5009
6815
7537
5192
6752
2303
4199
5969
1072
1039
4301
5508
455
2267
6202
9597
1952
7967
4955
6479
1012
599
398
9689
1349
2885
4668
9976
1757
5107
2710
893
2183
6265
7987
2752
7835
7794
5880
3365
9184
4027
4234
7502
1069
8123
1824
897
8800
4873
2524
380
2755
6762
1020
4614
9356
8746
2140
1319
5029
8109
4302
986
2539
214
9580
1442
9706
2856
3661
3100
2824
5564
5431
1572
8913
8082
3925
250
8852
5003
3001
7829
7659
6933
2370
5704
9968
2408
6145
1109
6046
1378
745
8960
711
2334
1638
2566
3877
6683
303
6157
1698
6873
2414
2348
8283
2982
2640
8831
1234
8091
9832
2212
2691
1793
6761
9754
3770
5848
1716
9675
3715
1928
878
2646
5857
6729
6198
7122
3843
9745
2134
9600
4500
5148
5191
4161
9923
1553
8282
8360
6211
5378
7492
6608
9571
2676
8377
4097
6944
2544
7677
9807
3385
4664
6486
420
5507
9006
4630
272
1246
1474
3961
6574
6600
7387
3098
5496
1025
2105
1338
3869
1343
2376
3171
3794
3699
8806
4345
9383
203
1944
5571
8460
6857
4074
1225
3971
20
6279
1022
4103
781
2584
9696
5230
5125
8256
957
1771
7997
8071
1401
6471
4254
5028
3389
7937
2459
6225
8130
6803
2627
9466
6271
2279
5147
8070
6158
8298
2588
4394
8789
3168
9752
9978
660
2568
8339
9457
155
865
1999
770
1006
7821
3705
9088
2923
5669
9683
8859
6139
3629
1665
332
8904
4842
1255
5844
6990
1713
4770
704
1300
3409
5751
143
45
3364
4570
8662
330
9282
2336
1108
4562
7351
8518
3506
7573
7782
8419
8525
9421
7678
6523
2968
8087
1116
1862
5547
9600
3073
2656
1296
6787
7701
50
1920
9522
2939
7746
585
3843
5991
5830
3411
1117
3342
350
8739
1394
1997
931
6623
896
4541
3083
4532
7763
4069
2862
9380
8973
4544
701
8228
665
1377
3138
4805
8796
8228
1859
7600
685
9655
219
8824
7126
1849
3690
3979
2235
2961
3163
2441
3659
1426
1751
3688
7365
2526
4905
199
3037
6073
6193
594
446
3935
4717
5110
8818
5640
9269
1893
5264
330
7989
6379
6454
2240
1393
9922
8968
7787
8579
387
8215
5014
8537
606
116
542
6781
3212
1591
3681
2021
691
6364
1798
940
2570
9645
430
2400
1614
1318
5001
5310
4692
7604
4428
3610
5999
8720
4977
8788
4452
6939
6368
2279
4189
265
6333
2036
8747
9075
6706
1135
2319
5208
8318
9944
6506
5973
3934
6508
3652
6373
5883
332
8570
3721
4404
6095
3148
2411
9965
148
2054
9616
1560
7419
9308
316
5044
661
2251
106
5027
4856
8014
2029
3776
775
1359
2673
2496
2449
9166
3445
6584
4889
4103
8125
5936
199
5503
4754
647
1005
191
669
2743
1228
5108
3796
8746
7399
1526
3940
1836
9032
7351
128
8147
2771
6687
6489
8541
3912
9750
3807
4873
8332
801
6006
1641
7338
7009
413
9077
5077
8216
1931
9844
1042
9469
8026
6439
2372
2258
4472
8102
648
7572
9372
5567
642
7170
4342
5036
7415
6802
827
981
8157
529
9967
6373
4528
2041
8915
1473
9142
600
2641
8871
5333
9007
1349
9587
5987
2488
239
872
9518
5723
647
9869
9390
9842
5024
8261
2312
4923
5056
2068
6612
271
4478
6607
1617
2017
2509
3747
8119
5241
3912
6376
7101
9073
7598
5511
2332
8143
9953
3274
5524
2053
7561
9044
2157
9621
4734
2273
3553
217
6374
6686
9625
9362
9724
6588
1285
8783
1698
1505
8911
4081
9800
2224
7714
6525
9933
2298
4711
4737
4197
677
1376
1082
3051
3548
6841
6549
7081
2743
8924
292
8455
1388
7876
2260
2224
1110
1812
6765
6315
7285
408
6953
696
6822
1372
6953
4233
6661
5644
8436
963
7296
924
529
1077
2462
553
248
313
351
6271
1492
4920
8581
5725
4075
1443
1044
4310
8049
1679
5014
5177
1577
2705
1123
5107
7454
2938
2239
1331
4993
5652
659
2543
692
8318
2864
4085
3766
85
9090
1812
8896
1492
3138
9516
9504
5948
7806
7187
8995
4135
1085
5002
5257
8266
7693
8783
1091
6745
2368
2724
8048
5536
6071
2976
3993
783
461
213
4201
3925
3495
1826
6321
6609
9626
6505
2827
4484
3357
2755
237
3819
8817
883
5952
2764
5806
7865
7970
142
80
4456
3593
830
4915
9033
8201
2735
650
929
9304
2306
6950
8193
1855
8039
4005
1468
4515
435
5736
623
2838
9122
5690
3036
1208
6222
1886
647
5857
3104
2568
5909
5508
855
6351
3121
8748
9463
5761
1905
4714
2036
7847
2856
4018
3503
4699
2862
9090
7360
760
461
7669
2229
8880
8125
6455
537
4596
5490
2330
2168
1183
7380
7256
5106
8387
3248
874
4511
585
8029
2888
2866
7891
6129
1138
2817
1525
1125
4494
5155
7555
5847
6035
811
2492
4798
9478
3316
1448
9123
3699
2126
2509
1150
2958
4952
1272
7486
3018
5214
5770
1709
6938
9189
4865
1155
278
8516
9530
7611
8256
2197
1331
2115
3512
9101
325
2615
3181
5736
4962
8336
2245
8793
1755
8713
6318
1936
9637
9507
5125
9932
9965
730
2328
2804
7098
5607
8935
9697
2386
1190
256
430
5072
8507
7180
2354
4804
1425
8355
1917
6506
2755
8983
1777
3824
783
8928
9475
7587
279
5875
5282
5977
7626
6873
7384
693
3827
1645
943
6230
4416
3798
7509
5072
8789
86
1315
3583
6450
5378
618
5225
3139
9203
3407
6084
8982
7500
1161
3609
4674
8220
4440
8007
6918
1814
6777
602
7456
4448
3399
1357
6287
6234
195
941
5099
6783
519
1248
3203
2512
8008
6343
2007
4159
8107
7296
5224
1097
5225
1199
2093
5544
3301
8253
6807
2440
6702
2321
5430
9352
3696
527
557
1107
5424
62
2404
560
1063
3775
5341
374
4894
5626
3017
9380
3020
5915
2332
1136
4540
4397
3070
1039
9858
4773
1939
4693
287
9123
3357
4332
7795
7892
1889
3242
4771
1436
8504
3439
3995
2370
1270
7468
6725
6620
9888
3594
1851
4557
9578
2457
6617
3324
2670
1096
9287
855
1716
6869
837
359
8606
7174
1608
4533
9699
3655
7220
9070
4031
1716
9690
9635
8616
7418
6357
1716
4708
2569
1023
8303
985
3948
9145
4179
4326
3612
8859
1177
1984
5154
760
8693
6911
8860
7606
6762
9851
5714
860
7516
7985
7657
6781
2330
8682
3431
1285
3851
4093
5272
9057
3623
7027
689
1683
5402
9836
7987
1334
5653
9505
5314
2639
4566
6842
6343
2053
9513
1889
9603
9491
7406
1126
2260
4923
5213
4755
9373
9181
3736
8563
2177
7192
2224
4623
9040
3968
4282
2762
9589
3265
50
1326
3775
3699
4497
2565
3615
6703
4652
5645
1697
8784
2685
3654
799
4797
1670
6573
5922
9590
931
5934
8026
7693
1663
9909
1552
4840
8650
566
8058
9460
905
2639
6543
8572
5550
8314
3403
7097
2042
3559
2421
6284
5072
4761
1744
8107
4780
3087
9951
3928
4
4086
764
2152
4734
5470
362
8850
9650
8010
9001
8518
7841
6156
4746
3761
8102
1152
4405
2574
1867
1127
8391
9710
2368
4775
7839
7580
1784
2465
2379
2090
7140
4804
9839
9344
1156
1408
9958
6887
8971
5453
6763
7296
8482
5500
170
5946
304
6511
4051
2420
616
1989
7503
4191
2915
4088
566
4200
2385
2091
2016
7541
762
4398
6202
2910
2041
436
8252
14
1611
8855
9960
3673
1845
9050
1414
6448
1924
9886
6814
3555
2328
4537
3845
9495
8372
1461
2907
5512
3215
261
8324
3920
5374
4781
9543
9209
6502
1090
7203
9472
3117
4240
5944
9322
9408
6091
7733
3995
2202
9607
366
7316
7348
3612
8320
7261
8168
5716
1048
7316
2298
8327
4816
5044
1561
698
1052
5626
9506
7283
9429
2836
5110
463
5267
1403
1277
3432
736
9186
4763
9601
3882
9903
6338
7732
2490
9305
585
5743
979
899
7355
249
1196
3833
7682
8027
5122
6104
8485
7677
2664
627
4224
4750
8288
9171
20
6025
1615
2798
8238
3860
5276
4699
7964
2939
265
4853
1678
1564
9125
9646
8569
276
8448
3382
2641
1642
5953
76
7800
7386
6997
772
8706
1621
8569
6298
668
9110
7754
246
4572
4744
6730
9953
5050
6183
7910
2230
815
7733
6181
6892
4748
6334
6516
1428
1423
3085
944
7998
8738
736
7636
304
1813
6730
8404
4089
4109
3303
584
8819
1788
1909
861
6632
7346
9170
9576
2711
676
2704
1581
2534
9933
2800
9391
346
2323
1198
6233
4117
9515
1273
4908
3663
111
7494
4362
1032
6463
9509
9426
8749
150
6148
93
3961
1534
1746
1769
2206
1718
6695
6259
260
9555
3267
1723
5456
1413
7652
9458
937
5276
6219
4263
1000
6250
8001
1747
7710
779
9542
4257
2139
4306
2779
50
3259
1222
6817
8879
8499
6013
1057
7120
6477
8743
6077
510
5648
8078
9718
9764
7524
860
7552
3499
3268
654
6867
1830
4660
1496
7204
9099
5733
6681
8259
627
3031
9712
2662
7651
9551
5103
2742
2572
4153
9551
488
5105
5520
5013
270
2263
8427
2499
927
1073
7130
7058
8309
7388
4514
5518
2741
1400
9220
4706
9109
7689
6645
1702
2313
7181
7961
2150
462
9759
7282
965
4970
5515
4312
8226
6707
9107
6457
8890
6752
2257
6659
2510
9373
2702
5390
9446
2851
962
5856
197
4679
5837
4652
4351
8018
4453
971
857
2369
97
877
8896
9981
1334
3137
4269
3101
111
3747
5656
3579
2979
2262
7370
5477
786
899
5735
1749
9935
144
9979
9923
1173
9700
4516
8472
1571
3226
5473
8375
8201
5445
6185
2424
40
3283
3007
5284
4901
5156
5349
248
1518
60
9775
9331
3392
9511
7609
1794
5593
7389
1419
2623
4073
9927
7676
6054
5758
4017
3557
1224
192
815
5367
8418
1466
7909
4847
7456
9067
4866
1913
6511
1276
8045
3940
9249
3778
4115
6916
100
3094
1375
7965
7861
8115
1723
1775
3425
6591
37
445
7564
9230
2310
3138
3301
564
351
742
9418
9706
9781
4525
8568
5235
8848
4625
6374
3934
2462
5201
4690
7182
2221
3610
7388
8377
3576
1685
8626
8766
5393
321
8571
6139
6272
5891
6088
4638
5819
491
8264
9882
3367
6520
139
2572
2509
9902
217
1822
5025
935
3876
3259
2991
8425
1947
1444
1159
1975
9985
9331
6059
7914
1021
8783
69
4177
547
4415
2463
8902
2227
4162
7341
8163
3088
6510
6477
8388
2052
5208
6067
2287
4114
9076
8622
7490
6188
9868
9471
5836
1206
8758
8187
8495
1755
3761
7631
5476
4126
4673
2003
6863
4067
1388
4450
3876
6800
931
72
2010
2590
9525
877
8816
3844
1968
1458
1966
4822
473
1769
4460
9050
1566
7034
5112
1515
9179
2835
2500
6257
3610
4640
5807
449
830
1227
3317
4337
2065
5558
6009
1535
4476
2998
9778
3490
2696
1250
9091
2625
3283
5101
7664
8419
165
800
5198
2807
3571
4427
1050
2820
6243
2445
3245
9795
1569
9699
1998
5212
8498
1533
3400
9727
6807
2535
6893
4389
1604
9623
8348
5509
8129
2002
7727
3434
385
5092
5656
9269
818
8335
7693
6144
5476
9363
1697
4435
349
5680
6197
922
9468
2312
8815
838
924
5080
506
2627
4156
8376
3598
1146
5277
1569
1089
2968
9339
1855
2238
4607
6927
9815
389
3307
4868
6746
2532
6760
9258
1546
5284
2178
3799
1309
6358
8604
5508
16
6192
7973
8167
1182
947
3880
9261
8385
3887
6804
7563
5976
1241
2587
3252
5146
1259
2302
2029
8889
2125
6457
5279
9626
6627
3371
8205
9349
1750
2361
6279
7752
920
4948
2110
1888
2578
2583
3354
3595
6416
9477
5176
9752
2272
883
1575
6096
4886
5874
5221
6425
1236
4352
2437
1576
8984
879
1749
4663
8486
7046
6621
6951
1352
8982
6810
6216
1219
4496
6795
6598
1436
9205
2955
7350
8251
8926
5185
8226
2783
445
597
161
97
4100
6260
75
813
3061
8614
123
3375
425
6957
70
8314
260
2673
59
8447
4153
5866
7819
332
3419
1261
347
9875
7284
6106
888
7852
4425
1125
1082
5021
9421
5476
524
265
9188
873
8779
9303
7563
3681
588
5093
5415
3531
3955
8077
4459
2813
5938
6951
1535
5572
2191
1150
3821
634
1689
5463
2668
429
6508
8399
6867
3085
4882
1349
518
7414
12
1400
1893
223
7474
9138
7526
34
312
5
1151
5853
6194
7605
6648
9256
2041
2167
305
1033
9262
679
9248
1716
6702
3168
8590
823
1670
1608
7522
549
1689
1946
5213
448
9024
4824
1656
3484
1713
2976
5563
242
2084
4462
3840
5267
8161
787
7496
1070
3262
4421
1916
1620
9336
39
2342
1929
9360
4442
7120
4941
5240
7155
3853
9724
9021
3455
3783
4771
8151
7973
6329
1668
2591
4923
4638
9979
3457
956
58
482
1602
1144
8712
819
8419
5804
8707
2844
2983
179
5448
4839
7809
3165
9739
458
2274
6032
170
2669
8722
2060
448
8394
1564
547
2555
3818
8239
7161
5487
509
8753
5624
3051
650
6439
567
2797
7048
1363
7148
626
5147
5645
5584
3169
5492
150
4946
2457
1074
5464
5614
4983
6350
7266
2591
2013
630
2995
1666
1343
3895
7444
3406
5871
7568
2219
4977
9164
3989
8813
6764
1687
5889
5172
6098
1734
1936
6738
589
5340
3468
5060
2322
5368
5734
58
3702
2189
1080
86
8352
8018
4888
8659
8656
9019
383
4760
225
8584
7386
669
5676
2413
3905
7453
2477
1394
8407
9917
6441
6123
9522
3292
880
7098
5483
5787
1760
1475
6487
3743
3338
1505
935
9941
8009
1863
5789
469
3584
1274
1393
1594
7458
3037
9459
8193
264
941
9489
4128
3983
5166
7419
4425
4369
8501
8805
6862
6037
4711
3293
6679
1593
626
3758
4323
9486
1915
67
4859
100
6440
7200
3437
2616
3007
5166
503
1084
3695
8502
6530
1622
8205
4304
6290
5339
737
2108
8411
5502
418
7520
2406
8627
7039
6579
8628
6345
6976
7385
9154
8135
7196
7504
141
5814
988
3227
7672
8800
2416
3037
8076
3623
1264
6905
9664
5193
566
6071
4889
6050
1866
5849
2915
498
7998
3055
7937
465
220
7031
913
2129
6716
5433
1139
4179
6554
9266
6556
4428
8856
9424
6278
7785
8511
1534
7194
8640
348
111
9009
7737
1545
1776
6535
6573
3593
9417
3889
8958
2344
645
640
4296
1010
3923
2423
3463
9571
2955
5258
8456
5903
9957
8599
4996
1635
5158
4473
8170
2507
6844
8970
3084
2853
2221
7305
9533
3974
2331
6381
329
493
522
713
166
8917
9109
2704
7418
8046
158
5450
221
9277
8437
4600
4144
3234
2634
6196
2350
2299
1462
9533
8770
3944
3687
2834
2601
7663
2731
796
9
1025
3008
3681
8578
4876
8632
23
1188
4738
6322
1749
2370
1994
167
6560
2742
7894
99
1701
292
7813
6821
6481
5635
2185
7800
1977
9545
3243
4754
1847
5894
1213
637
1203
1685
3393
8869
5139
1310
1625
6481
643
2560
974
6421
3320
7997
9413
5415
6033
4421
5503
2816
3855
9752
1392
4070
1623
2982
2130
2344
6966
7273
1386
2762
645
6646
7339
465
5372
5088
1594
6321
8795
4525
434
5509
1975
9581
8041
494
578
4936
1890
5313
2255
5815
9060
1594
2676
535
4108
9877
5680
5897
4479
6622
2943
2237
9650
39
9068
8448
5053
6651
4742
851
4652
6176
7878
5791
3240
2370
4128
885
6327
1678
2232
987
207
4588
9607
5908
6257
8769
4702
4910
3715
1811
4746
5011
6094
174
2825
1480
3322
630
7196
3594
9046
4206
173
153
3692
5961
5650
9093
996
5248
6435
9353
760
691
7065
3349
1257
3635
5607
2689
6000
8575
7342
2062
5271
493
4267
9503
9705
6540
6740
9192
3558
1351
4563
7590
4524
8541
5985
9695
6451
9167
231
9163
8631
1593
4337
7651
156
3364
7156
3465
4685
1211
1122
9336
6917
6589
4811
9230
9490
5011
1366
6327
2038
5331
6704
2715
2848
5268
6148
3371
538
1474
1085
8360
948
6868
8120
2453
8530
5580
205
9470
5106
2975
4958
2249
2528
2790
4129
7067
6109
100
6475
2526
5629
3673
1582
7074
9456
886
6260
6882
9475
2786
876
1817
8520
1213
2517
3636
323
3875
3865
1561
9047
8403
8524
3368
4736
4928
5684
6353
3282
7143
2107
3094
8306
7106
2434
1906
7123
797
2153
4763
9541
6920
9117
8564
6905
9980
737
1462
7847
8881
2736
8592
275
2686
9969
269
9006
339
8429
7349
8409
7668
173
9414
6879
5095
7991
7076
7843
2752
5994
7630
9848
9194
2503
2867
5344
2569
1700
2901
5175
1661
5211
5278
3473
6138
6552
8304
864
9558
5107
7249
2570
2787
8298
3414
6523
8605
9075
447
4520
4086
128
6644
7876
897
9827
4846
5061
9035
3429
4841
7513
3088
6242
8792
8070
4189
5703
1674
4207
162
5023
172
8830
8731
441
7567
2478
7343
9230
1275
344
2792
4306
6276
8401
356
2601
2619
3729
4555
1356
873
5671
4466
3500
472
2715
1856
3958
5122
228
5695
200
9934
5003
4085
3507
423
2816
2516
5793
2976
9420
4750
153
8774
4567
1869
8896
2932
5466
6657
8322
6205
7751
4139
1218
6885
9736
7579
798
6704
8486
8437
6455
1744
7051
857
3503
8313
1209
6835
4356
6967
2300
9888
2236
2466
2350
2930
2273
7761
9146
7989
1807
3821
7459
3651
9115
3223
3445
6613
343
2253
1372
2172
627
6041
2916
5103
9382
874
1393
6213
7070
519
4288
1557
1460
8993
5022
3612
5619
4936
1783
9087
1162
17
4097
1586
6240
4375
4603
2104
1352
3680
1344
2187
3349
4657
5296
767
1968
1060
5472
834
1576
3368
4369
2695
1672
7770
9759
4419
1775
3059
683
71
4220
7170
9803
6959
4361
2156
3184
2314
7226
6209
6457
2508
3509
6353
5030
2448
6724
7902
2847
2386
6537
2179
3509
6892
8593
4293
8265
127
2909
9354
1293
8948
9613
2664
6776
8595
1805
846
8382
628
8772
73
366
357
8250
2352
477
4331
9291
2672
4052
2988
4410
7775
9126
7325
887
7371
7845
8711
9443
7971
6581
6079
1684
9961
2816
5750
2388
582
5835
14
1439
9886
9561
9999
8509
2502
911
184
7180
1027
6920
106
8674
3444
5082
2289
3553
819
1401
2420
60
2760
426
2480
6649
3071
1323
4720
3720
9499
401
6864
851
9739
7825
4433
9013
4651
7587
2735
8080
8094
4884
3330
3834
6635
9995
5202
4536
70
7438
7774
2766
7264
1462
5983
8133
4849
2993
7768
7198
7125
8918
1617
4503
2565
78
5397
9979
2504
3745
456
1550
617
4206
4829
9882
1723
3392
7366
3651
5562
1757
4493
2754
6420
9232
5076
7168
392
2426
5896
2481
5453
1908
907
7299
4614
1304
3361
5415
7764
3537
6315
7327
3117
3984
2739
6137
12
6784
9671
891
1049
2989
1033
2847
7627
8032
7830
6657
3642
8750
4374
247
5098
9106
948
8784
9909
2087
302
352
760
3099
1791
4251
3425
8913
1163
7407
2503
901
891
8119
9130
3669
122
286
2445
8606
2974
9681
9090
3925
1675
9432
1908
9464
4773
3142
5786
3075
4164
846
4283
551
4557
6873
5453
3752
1247
9525
1587
5686
2155
4608
1878
8095
455
7174
9362
914
6052
1191
8997
1047
3311
2765
5892
1150
4373
7500
5662
7749
9931
1210
5285
461
9101
3313
8122
1631
4565
9347
4888
4763
5246
4270
5748
1698
7769
8336
6563
8597
6032
3548
7245
508
7994
6765
3984
8780
8558
5323
728
723
3019
2316
414
8310
7799
173
6431
5741
9734
289
4190
3740
8766
1192
4972
7206
5464
9620
6391
2813
1466
9288
2721
5533
5939
3442
51
8954
8486
3018
8257
8374
5883
523
479
9864
8146
3154
8692
2106
4106
8485
2670
7441
9201
1335
4327
5714
3980
3433
886
5635
6025
50
4857
7712
1635
8593
4882
1952
5974
1634
527
983
6948
5984
3215
9036
2760
5371
993
2350
1000
6634
8735
9906
928
5298
1900
1152
8029
4903
6249
1120
8503
418
1934
1471
2
9045
8967
2806
5190
6859
1436
6124
6142
9875
8822
7259
3839
4574
5503
929
5242
2918
4954
6088
5139
6626
6323
4743
9986
1255
1143
7002
2810
1314
2775
5760
8536
2643
6953
7460
2654
1788
2656
6975
9361
8859
1661
9643
7008
3155
7701
2363
3158
4850
821
8457
9218
5198
2308
1615
2036
6897
5624
5771
5211
2135
3980
6205
9629
5494
416
6610
2774
8621
3633
2310
9541
8928
251
7750
4707
6451
844
2308
9813
5429
9994
5934
4596
6607
7880
4193
2332
8332
2213
6361
2625
5852
8230
2957
5481
7492
6165
4633
2309
8040
2665
8203
49
1563
2808
5122
31
8902
4267
948
6239
5911
8593
1120
595
5548
3302
7731
4991
321
4821
4158
1558
8374
8748
4535
7027
6789
4095
7887
5909
7058
8592
9093
4063
2036
13
1753
5662
2355
7850
9603
508
1346
9665
8597
4421
6894
3223
318
3944
3112
7056
6529
864
3024
2070
6757
1172
8098
2102
9182
572
102
796
2252
5189
3874
8401
9618
2166
8835
2017
6890
6660
3340
7650
2166
5635
4621
4529
8410
3550
6280
4991
1753
56
4992
5276
3806
9092
1619
5011
540
5651
1770
4743
551
1308
4398
9740
4373
5232
6701
505
9791
4702
6221
2220
2076
8916
8416
5726
5760
9672
4889
553
5632
998
4110
1527
2698
5163
1343
6269
435
1153
5766
904
1392
1803
1951
2726
889
132
26
3129
2587
8915
5342
1671
7790
1298
4304
326
4486
9679
5028
6438
413
674
388
8991
3281
800
6751
4556
2090
3904
8739
5832
6078
9260
7598
216
8792
5562
4753
4713
695
2315
5382
9532
7987
7699
1252
2383
9542
2443
6577
1199
9256
1188
1239
4682
8235
621
6650
5481
9640
4150
1977
2157
3209
533
7266
4762
3081
7033
4235
8930
9593
9422
3742
723
7797
5393
2869
339
5942
36
4903
5850
2841
4227
417
8930
5840
744
5337
6043
9207
1724
5871
7522
6986
3983
6836
3074
1812
5179
3695
7227
4827
7956
1614
9858
4331
6770
7402
9338
7072
1569
4703
5569
8296
2136
154
4302
4440
4330
899
8474
3358
1578
3757
8412
4439
6706
8748
4330
3954
4054
1303
4364
7540
2676
8445
8483
8381
2111
7740
6138
843
2124
6160
764
6429
2380
9018
7750
7979
2203
6913
862
6645
1016
3613
9093
8201
8998
929
9097
4921
1763
1560
1182
7244
7079
3012
5069
2723
4047
1411
8045
1838
5515
483
4930
33
2004
5751
8467
3234
4994
6283
2064
7300
765
820
7140
968
8195
636
7639
4882
4297
7452
3528
746
7861
4042
5017
9349
7564
1654
2906
6403
7063
7136
5099
3882
5947
6508
4492
2579
6537
4632
9559
8307
2835
9869
3441
1037
368
7844
7149
7685
8306
2763
3330
7688
5990
9592
3422
1163
5532
5278
1882
2017
824
4910
1391
3665
4264
6543
4409
1223
2166
4145
524
6330
8192
958
9429
6766
326
9090
4514
3627
4484
2524
5828
6077
6706
3206
9540
1357
3176
2034
9444
3456
2357
8085
9159
7055
2130
4057
4579
1671
5954
8029
3526
7249
1853
623
9847
7653
8846
6397
8014
522
9721
8104
9575
6753
5680
2219
6787
4035
840
3547
608
1096
3192
9198
7914
3706
4306
1889
2977
4793
6245
4981
7901
3392
9490
5577
9983
4952
973
8350
1162
7100
7719
5511
8130
620
5626
7759
6580
2517
9524
4384
3702
3681
1895
7345
6864
6956
6208
7520
9819
9831
7351
256
3305
1840
9126
2708
8438
6593
494
1789
6093
8535
7302
6464
3902
1414
5222
908
3422
6572
4275
5450
4831
7251
7467
9877
2146
6587
8372
3069
1402
552
2319
7367
2931
583
1139
775
7123
2262
2696
7345
7407
7525
7952
9019
9841
1240
4653
375
2585
7950
3567
3360
1714
3447
3180
5171
1287
9905
8149
833
7333
1859
2935
849
3058
2366
3791
411
1262
5553
6066
8370
6633
7676
3196
1410
2214
2264
70
9291
7966
389
5454
3835
4312
6739
1042
2627
4279
2357
6316
2211
532
3186
789
6264
7966
3614
467
5191
1088
1817
8901
7546
2226
1814
5521
6506
5058
9487
4667
109
388
5767
3113
3
8663
4432
7332
2668
811
4142
3234
1548
1696
5100
2370
193
560
2733
6903
3332
1216
310
7161
8574
6802
4746
8696
4590
8495
6277
2066
9080
3139
718
375
9631
6889
2199
1532
3974
1961
4678
9917
5060
368
1001
1206
3014
6207
4581
6723
2153
2966
352
6614
7881
2674
4960
7145
579
5956
531
5701
5170
900
3856
7890
3432
6118
238
4624
1786
8508
4292
1429
9138
8332
1585
5096
591
9971
3229
5902
7455
4810
8559
8995
1216
9081
5696
412
6804
1417
4047
6666
6675
3582
7479
6960
8453
2324
2655
1865
2368
8153
832
6260
6510
6220
8684
2274
5347
2773
9196
2770
5838
7461
5451
2009
2590
4959
3874
5928
231
6631
3155
8633
4612
9721
7562
5707
4687
9261
5312
8942
1935
8298
3058
8016
8386
745
1426
5242
7963
9068
4988
6309
5149
7710
8844
401
7033
636
5630
5174
2468
4965
2550
5708
9325
7550
369
8441
3997
3993
7979
8585
1568
7734
7250
9891
5075
858
7307
777
4607
3632
9556
5088
6805
2894
2154
4881
7833
1673
3548
5823
2532
2027
9759
3497
3877
7764
308
3523
5656
4126
487
2256
5066
486
5064
195
1532
7128
3887
3319
3542
2009
8300
5562
2397
6427
6093
2129
2072
2253
4964
2360
6847
2273
2376
1882
7893
9683
3770
9968
6344
6118
2731
157
22
6432
1213
5129
115
2361
1559
9883
8520
8368
8604
6541
6462
9503
5278
5867
7851
6257
8126
7164
6476
704
9128
3941
2020
5091
9133
1914
7380
1432
209
1222
5052
6222
5783
6012
592
3751
9081
7919
8782
9340
4300
1951
7103
6626
8851
3013
4301
27
6035
498
7124
96
503
7027
2395
2701
8453
311
1957
2077
4016
8659
9795
6360
9151
6518
140
730
2510
1913
2896
2950
8436
842
5369
5611
4325
7529
8803
1301
5369
9441
4670
7607
3661
7227
1714
8152
3000
2304
8978
4444
8080
6110
9379
8581
7070
2669
575
8808
6271
9554
7685
2453
3276
7380
9716
4818
2045
1037
2536
7511
2026
4498
4099
7103
290
9367
3696
1245
3263
1853
3684
1629
6393
4253
8262
6013
8346
1146
2816
4043
4850
34
8230
9729
7533
853
471
8687
2417
506
7698
247
6652
2989
571
4063
7678
9773
7549
4242
8946
806
4258
1112
8547
2506
6385
1480
7165
981
3496
5803
8337
4049
6170
1890
9133
2903
5370
6666
4219
7799
4745
3567
8041
122
6653
4512
5945
7974
9042
3569
6201
3362
7989
5382
6966
1787
255
1967
2461
790
1118
9534
9651
3798
5866
4673
2453
3056
9559
9820
6290
4590
7926
5687
2503
1761
9553
5016
811
3306
2199
2578
397
8843
2340
238
9674
6217
6325
2456
2388
2612
8827
5694
1775
4683
1006
1813
9390
3194
51
1453
301
8517
9745
1749
7264
7817
8352
8225
8060
1073
2067
4315
8884
4455
2184
7561
7528
4187
5918
8254
4312
5305
7174
819
8831
9142
765
134
4446
315
6809
947
6294
5957
6497
3827
4299
8860
5074
1795
1845
9778
4719
3222
2696
9759
1497
9773
1446
2827
304
5430
6515
8379
4120
1987
2234
2816
8111
7229
7951
6540
8895
6536
1604
4790
5503
920
9263
7808
846
4996
6380
4967
19
6203
9311
9434
2734
4308
717
767
7315
1450
4796
931
2265
2360
6232
2849
4270
2081
2839
9108
5549
1459
1935
1632
9570
4493
9798
8238
9741
9343
5946
918
3318
7088
3731
7746
9152
2982
1926
5376
5808
3473
5867
2713
8848
105
673
656
4255
7834
2336
7613
7884
6733
3055
4602
8067
1865
9991
541
4934
7961
8728
7880
3760
3871
1867
5149
2486
2617
2791
9990
127
52
3960
3060
5750
5007
3773
3622
1341
97
3345
2301
4420
7757
3564
7790
1386
1124
3146
2999
2546
8987
1901
373
4282
7008
8846
3381
809
583
1098
2217
1175
7738
1451
9198
7794
1856
8276
7868
2590
8637
9217
7469
6620
4939
430
6786
8174
8982
9015
1778
5033
6638
2080
1652
3308
8345
1782
368
5136
3096
1926
8401
881
8939
5468
7933
8909
8759
5294
8248
6090
150
5290
3605
9516
9231
7917
1455
8103
9080
2102
9863
562
2906
4875
943
3053
6660
1466
3623
1124
1378
1490
3621
6660
8527
2355
9498
430
7129
6003
3891
5418
3796
3347
8013
3854
4898
1426
2093
1870
4753
5056
3662
6406
1397
9797
1740
9526
5960
674
3009
6301
2735
1608
4462
5257
1071
9368
8173
3870
1696
2716
2660
3478
7360
7156
5884
2247
5051
8115
3267
6731
9034
8043
9167
12
5193
885
740
1454
8878
8630
6280
5602
7782
8623
3476
3368
2530
4052
1662
7076
499
2271
5621
5893
3857
1397
300
1954
5042
1817
6587
9893
6345
4912
7490
6237
1757
6085
7215
9662
7740
6542
6306
6908
7680
7247
7487
2552
8561
2093
20
6377
3818
7109
3644
2079
4928
8270
8387
405
1840
893
8555
7893
3576
8728
4862
9040
794
5100
2565
4926
4573
9298
1080
1666
1364
5024
6519
8785
4514
1164
5656
1669
9086
8039
8034
8014
212
887
6234
6904
1884
2069
8252
8290
1775
4537
5404
2558
855
1538
3533
4581
8326
1003
5410
9805
9386
5098
403
5677
2671
8154
6098
8559
5974
3163
7135
2391
5205
7113
1209
932
1534
9371
7958
4133
1685
1068
52
8334
8268
9071
64
9755
9345
511
3064
4820
7306
677
9404
4017
3936
6397
6762
4528
7466
1723
5259
469
3403
5722
6871
3841
1087
5189
1456
5030
5441
6266
5934
9785
2673
8667
5303
7065
437
4823
9089
8688
3997
569
5290
3928
9979
3983
5416
1695
2627
4718
5453
5758
4159
3011
830
4390
5222
7517
1268
6076
414
58
4226
503
2559
2431
4967
4151
1338
5692
1959
2488
1642
6414
4101
6552
8330
7143
2180
2357
8296
7051
2270
26
4824
3421
4116
8748
6395
1642
1416
8928
2593
3283
3991
8719
5885
2529
7979
5212
8713
6852
6960
9173
5738
2684
7845
5753
8980
9628
7829
7914
7393
924
1767
4370
4142
1678
114
4954
375
8451
1893
729
3204
7071
2182
4538
4996
3962
9226
9937
6153
184
5573
7407
2323
6684
7266
4724
8850
6104
2724
2709
614
6904
3198
2606
7786
656
1792
1225
6241
4434
6963
7951
7631
693
8103
8239
7242
99
7867
9037
1410
5089
557
2189
751
1316
7379
7680
1787
5986
2345
190
4736
5623
2859
2341
1123
5209
2774
416
849
1678
9626
4252
8184
2637
3410
7511
521
1602
4567
7017
7469
4646
866
4232
918
2318
6401
1559
1335
5138
60
2286
9846
3313
3016
2208
913
9411
1803
24
7135
4031
8849
918
1337
6143
415
1913
4345
4736
3190
6637
3169
1150
2266
3351
3262
8256
9588
2622
9663
8640
1589
8957
1041
3502
4667
1862
1917
9317
4441
7721
8580
4781
7874
3653
3257
899
1014
1182
3232
1366
7408
7216
2582
8883
8415
6771
7073
532
5396
2623
4169
2484
7771
1410
2264
3622
3086
4752
7518
9127
2438
282
1975
8976
5907
3026
2577
7505
2222
4158
2248
3419
8557
795
6709
5804
8087
6355
9415
3376
3784
2642
6416
5718
1799
7190
5235
5633
9511
2581
796
3328
1595
4660
4657
33
3661
2325
3783
4081
6176
2624
2537
8422
5012
5973
708
9089
2411
1376
5126
9390
8986
943
425
9998
7521
4016
522
9863
3918
2542
8991
7322
8367
2446
7273
1430
3352
5861
9365
5195
2900
236
8553
3969
3886
2375
6670
7898
3170
1282
664
8469
5664
7884
6078
7268
8369
7017
6470
3937
557
1155
1808
5724
1564
5409
6551
5016
3163
4507
3203
1863
4770
828
2530
8787
1027
5112
9144
5071
6198
1856
7492
8877
1059
2084
1254
3153
2895
3193
1966
9381
6875
3195
5878
5134
648
7188
1459
2703
5552
4622
8872
4318
6513
101
2779
8900
1019
5857
1308
5432
3517
1827
3155
6174
7307
3181
7993
2491
4770
9719
6442
2252
4591
4463
6458
8600
6365
3296
2582
9236
6173
9127
4108
9238
747
8402
8157
396
2718
7305
4337
253
3968
7330
2972
4288
9119
9072
9728
3803
5556
2875
947
4207
6930
1782
9571
5619
1185
4957
1047
4957
7723
893
9111
5288
2438
6249
8063
3267
948
7641
5263
22
4279
6374
1111
2747
1641
1444
7890
3130
6395
4654
1536
2500
316
233
4329
4901
6092
9730
2990
3044
6098
425
2706
7581
4443
8802
7977
2033
6500
1609
3583
4443
6298
1606
9516
5607
4287
241
9767
190
6320
3384
2041
7221
8213
5919
7844
7143
8264
887
8932
9504
1465
2642
8948
443
1970
5862
3923
6814
9975
4976
1256
2437
1456
3083
676
828
7978
9201
7880
8385
6714
336
679
8521
4516
4273
1389
6721
7227
5270
8864
3176
9962
1793
6053
7420
2578
4637
9702
3330
9637
6231
6099
6602
7379
1036
5926
898
9602
314
8908
1402
9619
1423
673
2151
5698
679
395
2764
2095
964
1626
1270
1995
3150
9166
8503
7253
6974
729
133
3558
5957
3926
1524
201
7570
8843
2209
4783
2132
6459
8304
3889
1661
3023
2233
3128
4312
7222
2542
9866
6860
2138
5521
3941
3008
3125
131
8257
2129
1892
5840
3009
227
1947
1001
7787
9429
4618
146
3416
5928
1070
2909
6269
1777
346
7414
747
3676
9463
849
5429
7555
7561
8801
3680
3152
4165
6266
6815
4000
5232
7433
3536
3368
1530
5283
9280
3532
3451
6763
1366
9534
5740
1016
1391
4371
3033
4710
5702
4460
565
8924
3255
9524
3902
4046
5060
4693
979
6243
5431
3889
2260
4730
6649
6269
2041
3832
4482
8672
7158
8645
3234
1805
9325
2105
703
6684
2020
3969
6640
7216
1976
4454
5706
6645
482
7024
8969
4232
1961
9686
2801
7740
3336
4841
8133
8074
5938
8098
8311
3816
7028
3513
658
7085
1449
2104
1845
3364
1555
639
8176
9679
3769
7113
7492
206
4396
9103
9494
9393
1358
4363
7204
8906
9365
6016
4204
6182
6444
7672
8041
7037
5964
6382
2942
9048
4825
1693
3736
3698
9199
232
9199
1682
8479
7484
1214
3369
6052
4483
2228
8823
1419
8330
9274
2610
1794
6565
3653
4554
5408
2434
6062
2118
7414
7867
1968
4083
2932
5232
1489
4383
3055
1092
4565
1313
34
3671
1824
9467
1938
196
4267
4962
8551
7787
7529
1485
8151
4866
5706
5405
4373
5944
2655
9180
5370
1418
2814
5145
643
3529
9801
6754
7308
9931
6170
2147
7594
4689
6626
3711
3551
8874
1443
1275
6090
918
5610
1107
3741
430
1089
9208
1811
8209
7683
1287
4369
6082
6529
3440
4220
4912
5717
2324
3916
758
6342
4320
1712
7076
3579
1482
1234
445
5555
3946
1532
2356
9509
6155
9947
2832
9267
226
5891
8455
1668
606
7795
970
1201
1200
5162
5854
6944
8941
8153
5947
1680
6225
2635
2744
229
39
3108
5974
2677
1254
7606
4251
337
5950
5929
8946
6744
6516
3403
5122
1944
5018
1270
796
886
4450
1890
345
769
164
8603
707
290
46
7540
6659
4774
6812
6139
3819
383
6968
2895
4132
7095
9987
9696
9547
7687
1621
1909
8632
6504
8738
2036
5871
8376
7470
1454
522
2367
1426
1624
7543
3474
6222
7762
1934
9463
8337
9537
710
9450
5880
1215
4280
8368
2403
4262
9939
8842
2878
2057
322
5692
6159
2340
3803
7966
2795
1669
6042
2035
5566
5194
2861
9577
6218
4333
897
2736
6863
1358
6205
2158
1037
3311
8957
626
9206
8726
6562
4615
5879
5262
6280
508
6312
511
568
5458
2290
6207
239
6885
64
2297
7599
142
2521
7981
628
2616
974
200
7162
5059
4815
4086
6109
8230
2115
2725
384
6455
7
6028
9042
3231
8406
955
4975
2618
7770
1205
1203
221
7042
6459
1060
3755
1412
3595
9120
6713
4965
5209
8804
672
2311
8140
126
2355
9186
9213
6278
4546
8439
9627
7593
7871
3520
322
8662
9951
3148
4190
2397
2162
6026
58
2611
2198
7427
222
9115
8825
6701
4376
1954
3022
5181
1466
154
2067
5884
4453
874
7808
7070
7188
2899
6946
7375
4108
3334
5000
2287
690
340
718
1184
478
9990
1528
6125
2142
7039
9569
2525
702
270
2101
7800
8055
6248
7084
617
5253
7477
3897
8357
5070
2378
9169
3099
1120
1831
8511
1148
4857
9698
1783
9629
3949
8228
1001
1323
2260
1298
4681
7886
7730
1935
2173
6641
523
5984
1175
896
1734
1152
1972
5779
3793
2660
2835
3995
5174
1522
9962
8411
7772
9886
5302
2041
4481
7957
6913
6164
8711
9518
5017
2871
620
1805
3470
895
8414
618
4300
1642
1791
5329
9930
3841
806
6827
1362
2472
1702
3677
3106
6547
2978
6768
4642
7579
9393
5409
1528
6512
8255
233
9320
7745
9541
9264
7728
3547
3737
5085
467
2415
2168
9042
7171
2535
7716
7174
3284
1113
1145
1330
431
6284
5412
9888
1061
1739
9318
2416
8613
2025
2885
6733
5920
7412
7971
9296
8186
8604
2659
9075
1571
2950
7386
8617
6295
1180
1363
7980
2259
7143
22
8647
393
7680
5241
6310
7094
195
5430
2570
7905
6149
5983
1521
3799
1415
9936
9717
1285
8331
1045
1492
2933
4855
8044
1520
9710
1816
7211
7207
9829
5193
2629
2630
5720
740
8489
4010
4236
3256
2220
8903
3412
5052
632
3549
1526
6707
8308
6711
3273
1552
3382
4918
1154
9915
9750
9741
3023
5813
3189
2030
1587
1768
2110
7574
7875
2035
9180
2948
800
1413
7485
6207
7878
4231
9605
985
2788
7647
966
3758
3598
5346
2158
3922
6256
9018
6961
9178
579
24
1384
1609
2084
6316
9386
1678
4291
9155
2731
2300
2986
4256
6803
7643
15
206
7072
5677
9163
7700
1870
9939
7676
5050
4021
2288
7847
5995
7444
254
994
2332
6349
8784
7154
4620
5921
7672
6672
716
1485
2154
9345
4321
1829
9201
38
2216
9664
6993
4577
3273
2756
7164
730
7023
9780
4712
6193
6551
1207
1761
6084
1639
4027
8379
8819
945
2025
6651
2690
6359
251
5655
783
481
4763
6938
2437
6061
5406
2445
848
8183
4209
179
8417
4186
7170
3411
1140
6565
5410
2555
7473
7873
58
1666
3152
354
252
9775
4289
3980
2459
8553
1626
88
3886
8047
7666
1335
7552
9833
6606
2582
7356
4862
665
7714
3623
4279
425
1022
3918
7092
7216
7523
4242
9134
2417
9160
7537
3804
9380
5266
6775
4122
251
6829
2485
1478
2150
3115
7985
2333
1139
2333
8333
6087
8906
4272
6268
5198
4136
5081
4978
2660
8875
9797
8844
485
2926
7242
289
8330
7380
2930
3255
4848
1226
1801
2696
2857
6584
276
3814
3409
1625
2404
4893
5396
7772
7084
856
7726
4713
1311
1847
2147
280
7694
7519
4640
4414
7425
9298
5777
3673
5171
4417
6901
399
9043
7200
2335
402
9944
777
7438
4822
7940
9795
1631
6166
3165
1139
2641
8020
4152
1092
8505
2464
8007
9156
4200
667
4404
7599
1402
7915
2286
6943
5663
2577
6164
3684
8431
4538
3039
9841
8010
2612
1493
4647
6463
4497
2251
2262
5470
3968
8219
5361
286
730
5783
1265
3747
4427
5820
4301
1595
8498
1754
1673
5736
3850
9251
4220
4195
8665
4274
6134
7935
9225
4719
8834
9931
6374
640
3528
2652
5895
1
5078
8875
1888
7095
1056
9850
9719
5649
1830
1741
2549
3152
4677
3703
3728
729
5888
9346
8423
1081
8945
2003
9550
2216
2282
6605
2442
2881
6705
2613
6719
6161
3980
8486
3176
6270
8201
7222
1222
810
3153
1129
5934
1544
653
2596
6844
5966
6313
8132
3724
4683
7257
1456
826
459
1002
4956
9320
89
7722
2992
7249
5236
1882
6169
1643
6965
3762
862
8738
2864
4550
4645
6019
3017
6760
6359
4646
2201
1966
401
448
5633
9750
1213
2647
558
4311
7984
2359
6093
2202
5109
7876
3169
840
4570
305
5556
5733
3913
7185
5242
5614
8939
1677
220
7087
9224
9237
1315
4328
6065
8746
1666
9265
945
2491
6569
6539
9825
8414
8520
2697
2268
6882
3313
63
9171
914
2210
1801
7041
3837
4321
3712
7329
4980
8520
9881
6335
611
8131
958
8940
4739
2615
2800
4006
191
1654
3629
1911
3078
1552
5919
9757
433
6428
5462
5514
6726
5351
6583
1821
3852
2812
2292
4897
5039
7078
3086
4820
2806
6578
2728
1834
6051
3799
5358
5731
3467
6378
6533
4042
679
2093
8277
1008
7050
2377
7333
281
6964
2732
1622
4581
1975
1908
5347
625
4168
8845
1574
5487
6055
7991
8286
4227
9042
1563
5024
672
6855
8719
2284
3315
9817
841
338
2509
4837
1201
981
7447
5126
4825
5390
5329
837
6369
179
8027
1717
7798
4378
6664
7406
1115
2361
128
1576
8811
7888
4293
1082
4061
5689
7960
2292
5049
7902
3356
5322
347
2252
1052
674
3126
6055
6057
8192
3898
7407
8982
7471
632
2993
2055
4563
9333
224
9143
4716
8398
1429
2346
926
6892
7637
738
4175
4696
5394
5702
6849
1904
1381
1807
4576
5689
410
2437
4142
9608
5420
8202
1022
8908
5843
8421
2045
670
459
6482
9335
5277
2824
8727
4585
7411
2326
8314
275
3547
6933
7073
8417
5367
2533
6650
2074
6061
6014
2125
9448
7714
5924
5999
2393
1370
9977
7896
7797
6094
4963
183
9506
7119
8943
2084
7076
2154
4502
1878
6904
6397
3568
2519
1379
2105
9798
9188
6071
4344
6284
9225
1686
2609
9470
9981
8650
6089
442
138
9347
5676
3407
1120
8034
925
5284
4745
4071
3370
9453
8224
806
1828
8809
3534
9439
893
9503
3093
2046
3363
4331
2593
9088
8860
8851
3356
55
2162
3678
8481
6575
4129
8775
2995
2002
6414
2575
1023
3593
9643
3009
9742
4069
6680
2026
5296
4189
684
8521
2102
5912
5269
5731
9230
2237
4604
8473
468
3913
1404
3054
8247
2785
6340
132
5114
7225
7099
5703
1676
8788
9732
9852
1658
3676
8818
587
499
2341
9534
2570
2781
621
7702
4684
3654
1303
9224
4987
7421
728
4960
4401
5666
8097
1838
7085
4076
2718
284
9252
6681
5150
9806
2438
2027
3653
4362
6018
9985
190
8442
7916
5603
2325
2096
3391
4067
2644
5673
6654
1456
5276
4997
2175
7260
518
326
9786
7616
74
1528
9198
5231
8832
672
6533
4505
9526
8759
4009
2113
7457
7513
8599
32
1447
904
9907
5115
6669
9847
9516
9875
5532
9172
3297
7692
409
5077
8932
3536
5781
4647
3982
2964
2802
547
5683
44
24
7410
2711
6154
678
9794
4738
9437
7149
4841
7520
8968
4441
9513
156
5583
9281
8933
4382
3610
3250
611
4066
5235
6135
18
1739
7506
684
9518
5047
731
8146
2274
8901
6134
4277
7438
6997
4480
4557
8409
911
3168
9378
2616
8470
1549
4740
6751
6206
3646
5177
7783
9740
3409
3400
9041
6461
160
8453
7850
2026
8720
5630
1872
4586
9756
7798
2772
2120
1427
3072
1600
9991
5549
14
8971
435
9107
1626
6123
937
112
1910
4858
3818
7122
1343
5835
140
4213
7207
7679
5634
6226
2946
4676
5934
3940
369
2765
4628
4908
830
6503
528
4854
2775
8571
2570
9659
6702
1568
1512
1768
8752
7507
3013
1038
9701
6617
1697
2171
3160
1316
7130
3834
2071
5717
8809
7590
7309
1793
9584
4085
1934
5158
6290
4579
899
511
6403
204
7159
5863
3954
4894
4432
8811
1812
9885
2482
7555
8676
217
4881
5714
6615
4958
6485
1051
468
6058
5219
8871
900
6485
7530
3396
2438
9132
8283
6832
7847
5037
1692
8343
2288
3914
30
3721
9712
8456
2430
4144
3851
3751
1593
2464
4739
3079
100
527
630
1145
6891
7655
264
5235
1960
842
3827
4904
3942
1446
2285
2360
3270
3833
9161
772
1746
4598
591
2677
8257
136
1392
5693
6570
567
2693
7277
9404
6713
5944
3865
9165
1978
9909
761
1073
8143
9474
273
2014
8440
9485
2132
3597
948
9685
5556
5364
1210
6107
5773
2946
7540
698
4339
9274
894
517
2233
8548
1504
7216
7219
2304
2008
915
9086
2221
4204
8090
7295
3449
3775
1455
8217
7577
9329
5900
8643
4555
732
5692
9337
5450
4924
9794
2737
5987
7262
492
5457
1493
9517
4952
5120
6158
9161
6600
4602
8724
6185
2547
7240
2624
8050
6284
1775
7154
6872
6775
1319
3649
2212
4856
2255
8993
6343
9166
5919
3643
2591
3745
1759
2631
7463
3816
1766
8461
5651
1902
1765
8173
573
8181
597
6267
2042
8139
2334
239
5264
5437
1321
1020
2107
2425
1785
9999
9646
3464
2597
8762
2744
1948
7081
6162
2007
934
3967
9302
2177
9532
5095
1361
9344
4489
7070
6226
1166
6197
1182
6250
7218
4710
3906
5701
1513
7767
8013
1932
936
4264
7932
2986
2689
7318
4665
6718
3605
4828
4353
3889
3001
5514
4712
8888
2732
7894
2811
6700
5479
5713
1815
3337
3701
7115
2473
4611
1701
792
3861
1456
2878
5605
1834
8609
7571
5382
8885
3202
2040
6482
8166
2549
8100
6417
9104
1786
7526
8980
5957
7011
2444
5255
1185
1157
6706
6563
7941
1488
5816
7494
5080
6738
3624
2919
5129
4745
4406
7748
1415
3256
4281
8270
932
3500
9321
2120
4056
5359
8776
3564
1090
1597
6934
3935
5684
2565
4784
6662
2144
7954
4410
1640
253
219
5117
1334
6159
8392
3153
3801
6758
6022
2159
5034
1861
1772
5920
5816
950
879
5322
8853
6476
2787
2925
1410
6233
227
1976
3484
8897
3522
5442
3079
798
307
7558
2907
1414
1671
5645
3468
7786
6613
4690
5774
3840
3054
1795
1239
4003
3889
1492
6215
5129
2492
7336
647
9350
5
578
1726
1232
56
1512
2202
6498
4146
4938
6621
7668
4589
5586
2757
4667
4412
220
9184
7277
8154
8247
2671
264
5902
5405
5019
9283
3282
1728
694
7157
3732
2213
5780
8628
1772
7093
9945
7201
7615
9506
8388
9843
3972
6855
8220
8705
4773
883
8122
6260
232
1223
3240
5147
2702
6205
488
2081
4539
2300
8376
1836
5816
6762
2500
9783
774
2369
3325
2819
868
7301
1048
2074
66
3508
9722
5732
1782
1535
5139
4093
4799
1305
1080
8598
505
6829
310
4186
6305
9893
3828
1173
5561
6824
136
2608
4285
1091
7132
4400
23
2620
7138
6016
9936
5938
7670
2716
3801
3593
6948
528
8025
6485
7641
4463
871
8469
9102
9944
970
2754
7730
3014
2078
9864
3863
4232
1883
2724
9472
288
2705
6318
3354
4239
1302
7481
5785
6689
7924
3961
2723
7301
8428
4932
451
1120
7487
7804
8407
146
6047
9308
4075
6345
449
529
1321
5461
8262
1371
4529
1660
5274
9204
3318
5758
1468
6112
1097
7515
7215
8870
266
2596
6881
1150
7580
2544
3850
3611
6697
7568
6935
4315
2934
4677
7256
2796
4311
1856
3238
241
7030
8058
2826
4182
3120
4341
8393
4448
8416
659
6244
41
5377
1045
9376
5354
7646
1079
2192
7385
9372
1434
8620
8246
9387
9890
2284
1664
8792
2657
1749
5486
6711
9091
4728
2411
7471
204
9623
2513
8630
1647
1081
7449
2479
9265
9792
6865
2576
9133
6249
4415
1529
2952
1204
678
7362
6696
7893
390
3189
9089
1082
665
7692
9968
3549
7771
6316
7243
7820
4970
5938
1608
3768
7631
8460
318
4363
5178
2075
9177
189
8245
9655
7010
2680
1362
1332
2638
1338
3254
84
6054
6412
5674
6334
8727
6129
6240
989
4106
6305
1123
2316
7271
615
5378
1600
6485
1671
4430
230
2053
755
8978
2703
481
6160
4691
776
862
9685
2791
8991
441
8036
3355
5076
706
5276
9279
2524
8658
5214
453
5820
2658
6670
6507
2644
2031
3725
3397
601
8665
2357
2206
9319
6683
4340
6928
9559
1808
5964
866
6350
1123
8602
6721
2438
7911
838
9379
1649
6905
2570
1544
2282
5699
2951
625
9263
9362
3813
5494
2828
8283
6441
82
4009
8153
7803
50
3784
7050
4712
2062
1063
5115
3110
2359
9181
1344
3094
50
3251
7912
4287
1459
9151
3313
4745
62
3289
1176
4182
7081
2632
7476
5960
4710
2045
3876
5023
9600
8403
5461
6433
4756
3428
9720
9983
5330
4912
8676
6598
8596
9146
6120
5859
5295
579
1859
3307
2007
6251
8312
8362
855
740
8412
4298
3057
4554
4818
4054
6835
3376
4281
5903
1116
669
388
8927
7037
5319
6570
7404
7810
5310
719
7903
2163
636
3923
1398
838
3835
1898
6071
5224
9497
1627
4646
4812
7896
8396
8073
4883
280
815
3865
8797
9704
7318
8604
1822
1098
1132
4769
7044
5720
119
8923
1976
100
1528
514
7491
1428
8437
3846
4931
3485
2186
629
3455
9823
8475
8143
4279
2930
7965
5337
9247
7151
9926
1727
5901
3490
7457
7757
3905
7438
1942
2543
3125
1362
1226
887
3925
4107
1955
6111
433
8906
6287
5680
7953
551
3670
7682
7432
3990
8700
8533
4939
8249
1307
1664
132
8118
1777
5863
7026
8299
4726
1970
339
7359
5169
9788
5893
8346
155
2410
5754
4200
196
6429
6602
7225
3508
5224
9693
6669
4357
8710
9369
6239
3775
4134
1080
7311
5924
89
3294
1988
4526
8302
1290
1570
8341
4923
1867
312
2725
7406
6165
9421
239
5476
3187
5613
2271
4427
8287
7486
6334
1555
7056
2984
1625
9979
6115
7780
6258
5705
6158
4659
8310
521
2753
8019
1326
8266
2414
5870
5801
5348
7738
2403
3882
5231
5284
9481
7918
4065
2309
737
8865
2566
3545
2812
5601
2389
8317
1245
3043
3952
7321
9391
565
4428
1681
6810
2004
7762
822
2275
4735
3909
5026
8753
8652
1300
8724
3991
7625
5267
6568
9567
1781
437
2635
1443
2896
5213
8174
2738
1072
7574
9512
8961
1157
9246
2433
8592
9392
5626
1404
2015
4095
4807
1685
5696
2140
797
364
1230
552
4280
2208
2127
4978
5370
4687
2598
2684
1883
5277
3372
6271
5282
3715
7536
3005
3785
1242
4556
2568
2812
2264
8970
2130
5954
6010
5463
7540
6800
8083
5751
2307
8010
548
2649
9487
9067
2781
316
3358
950
9394
4802
1865
62
7473
1748
9941
9203
4515
1974
3445
9006
2529
3949
1838
2080
6474
3598
6411
6662
6322
729
2178
175
3084
8677
870
9200
2092
4941
4222
8856
7702
6460
3911
864
1051
9621
9477
86
533
8663
6768
2634
2352
223
9900
263
6188
4494
4841
6470
2240
4572
4205
9616
418
8300
5822
2179
7748
9906
2101
1623
6481
6627
9599
913
6808
1644
6646
5064
7752
214
5647
3622
141
9688
2213
3776
5673
2013
7286
3818
9558
9848
1644
8597
7787
149
5567
4219
1438
1106
4729
3164
4954
1358
651
6633
9825
8000
158
3425
3731
1067
492
7867
863
6705
9423
2707
7320
7174
3802
9496
252
6054
1431
662
6146
1705
2465
6431
3106
1365
7364
2511
6986
7253
2689
1488
6205
4730
710
2347
1742
3439
7309
8304
2206
8097
3092
6728
930
7694
4509
1337
4553
6845
9719
8314
2781
2687
6173
2504
9255
436
636
3816
1080
9761
331
2141
5845
5872
9910
5820
1394
5625
7708
1071
8419
6544
3995
1703
6479
8447
5127
373
2022
8341
1874
8107
5156
1663
249
9326
1878
4998
8235
3582
381
2105
4864
2298
2433
9628
6887
8494
2471
3697
592
1038
4774
9959
2123
311
5814
3776
8673
1908
7706
3591
5250
7247
8144
7745
7246
2520
1223
1427
1992
3435
2672
8053
2103
3325
9608
1126
1679
7367
4932
7040
8769
118
4798
413
2222
3122
2656
6873
2065
2749
4910
7034
877
2527
8489
3358
3620
9216
9633
7492
5723
2885
1450
7454
1770
9167
5874
6884
9080
1792
5074
1117
9574
3423
3044
6906
7179
3054
9204
4243
6752
2906
3497
5574
9005
8626
342
1469
8660
8044
9404
3424
2459
1029
3779
699
2576
6968
2456
1424
329
1776
4905
6400
5945
337
623
8134
1866
916
8459
2933
9783
6657
8820
3044
1864
5346
2496
5590
8948
6373
9393
3615
8914
4851
9666
8724
7137
5375
8834
658
345
9681
8304
2209
3649
3443
1368
9722
5907
9867
1900
7767
6572
7019
2791
203
2600
4837
6686
8082
9438
307
6712
4921
6551
6454
991
8545
901
1774
6584
7424
6034
4681
1023
1177
6822
2367
8438
1453
9838
8189
7344
2418
9833
2976
5577
1971
1876
9909
3753
3544
7912
4686
9496
2823
3282
296
2580
4955
9380
9515
4464
8724
9051
4913
8991
8175
4128
9931
4946
40
6179
9280
5551
8333
7876
3319
8371
197
1268
184
9176
960
2220
8622
9674
8032
6235
8719
5590
1593
918
1759
6101
6789
6428
2561
5544
9692
8136
6000
6100
4658
1130
1661
1920
272
1847
4506
620
1960
7104
407
8612
8787
1345
1658
7429
2653
3451
6420
6896
1572
2228
2098
2301
5244
5484
7697
8657
9991
8708
870
2595
5875
8411
6204
3723
9076
1257
31
8333
196
9391
1513
5125
7096
6030
3147
3970
1253
3256
447
2472
7922
7316
5627
5968
7408
4453
2745
8179
9416
5773
4644
6152
6723
9886
8901
1178
592
146
9359
3005
5841
7355
184
882
3735
3693
8409
4297
9792
4891
8504
2934
7613
8559
8948
5495
761
3550
3552
6902
3319
396
7860
9514
1627
2171
6400
834
9516
922
6226
2693
1224
2204
7594
995
2633
6277
1500
1665
3926
9580
7878
1843
4765
8398
163
298
2479
9440
7247
6720
1437
3703
8092
9218
7474
1099
9396
2190
8320
4361
7568
8172
64
8824
3432
9682
9956
8558
5212
354
9008
9460
978
7399
5736
7639
3345
816
6667
769
7150
2476
209
9655
6117
7287
2544
8948
4778
9380
2789
2999
7360
9547
9618
4088
3578
6868
9027
6448
3840
5669
1781
6953
869
4137
5736
1620
4070
1282
1588
2634
6165
5344
459
5045
9751
2306
350
1680
3482
3948
2018
3276
5547
5178
4692
1316
728
6052
2635
387
417
3938
6989
2629
196
7842
7749
9579
3882
4184
739
3811
2316
4981
788
2264
7241
1115
5795
2773
9868
9311
2880
1696
8042
1680
3632
276
8233
9208
9654
1951
2248
2512
2465
4574
3962
5097
5301
5286
1364
3032
6238
7829
5978
7378
339
6535
6645
1577
711
9389
7880
9061
3862
2059
7795
9462
3406
5489
6263
4648
7803
2781
7066
2536
1272
9022
5054
967
3538
3644
1070
2365
9903
7430
5416
5936
1568
5916
9217
2580
9395
5135
6581
8661
8460
4837
958
9955
676
5153
1176
861
4274
4579
9650
642
6170
9724
1479
6851
7075
6852
3518
509
3246
9040
6782
1462
3011
1294
7718
4038
1998
2834
156
984
714
2262
7957
2848
9036
6686
3381
975
644
7418
3511
7253
1312
1343
9134
4326
4913
2712
3501
1281
1937
8297
3044
2173
981
6389
3644
6884
2208
64
678
9077
3513
2167
7950
1620
6238
6718
1174
2757
6264
1434
8128
6585
544
6065
7963
5144
8291
4623
4546
5056
1346
59
7826
924
2333
3289
7227
3081
6802
5312
2568
5093
4752
3518
6066
8008
2496
8331
3506
6920
5494
5132
22
8343
1877
4217
4102
160
4529
3281
8919
467
1001
1164
7103
7980
2772
1378
2970
2842
5018
9050
9837
1359
1175
7045
1705
7540
9420
3820
6147
3279
7079
4310
3377
6023
8548
3647
503
4871
7028
3286
386
4401
124
2134
9205
2709
5777
5640
1347
5714
5795
5430
9916
7612
7303
4610
5771
3999
3850
7464
9983
6291
4770
3138
7721
4144
2423
3115
773
484
4194
998
1453
307
4869
2704
3114
7422
5372
9427
4332
1191
2226
6124
9820
2691
967
911
9600
4961
1248
7225
6559
587
5631
8615
7477
8251
2293
6133
873
4544
517
3913
590
7120
5547
4594
167
1840
1661
7851
9870
5330
4337
3716
1686
5614
543
3475
1567
9028
2312
3046
9771
8208
7271
5036
4111
2143
4951
9893
6347
7538
3797
9592
3310
337
7703
3204
1283
4786
2525
2696
177
5210
9079
2774
5538
5570
3256
9893
1553
285
6361
8551
330
3066
3377
7835
589
6181
3043
3572
6163
6291
2377
1193
1092
942
2736
3150
808
5261
4691
274
6204
8935
5868
4315
984
857
8569
6127
2639
2151
5180
2116
7910
3712
8181
2507
3080
6213
8915
2792
8873
6106
7913
1941
4154
6478
7278
1032
7132
6904
2664
5266
4873
5635
2745
5801
2751
7179
7562
8200
2174
7992
7479
3029
6229
1642
6460
7380
4792
1878
7375
9626
8148
8625
9837
6197
1446
7209
2121
9898
4841
764
1490
9646
7374
2691
213
2217
8993
415
6323
7736
3481
6040
6133
8098
6896
4690
6300
6382
4900
1072
4621
899
2782
5661
6430
79
3425
5497
522
9244
8101
2528
9531
6528
868
1282
8473
3924
1908
8318
7021
6423
4151
1712
9243
5044
3871
6397
1872
3505
8550
8253
3784
4345
6685
904
3747
845
4819
3652
1592
550
664
5294
1227
9086
6787
3606
6347
8800
1585
3280
2367
4317
7743
2520
771
3569
1770
9414
9581
3877
7924
594
3221
2454
8890
3754
1156
1349
788
546
2444
8976
9708
6795
8792
562
2531
119
7893
3943
3232
636
8386
1538
2090
8695
7140
2594
2024
6563
7453
4386
8407
4602
